1.000000e+01   8.739400e-28
1.020900e+01   9.095800e-28
1.042300e+01   9.470500e-28
1.064100e+01   9.889700e-28
1.086400e+01   1.033600e-27
1.109100e+01   1.083100e-27
1.132400e+01   1.136300e-27
1.156100e+01   1.195200e-27
1.180300e+01   1.258900e-27
1.205000e+01   1.329100e-27
1.230200e+01   1.405400e-27
1.255900e+01   1.489400e-27
1.282200e+01   1.580900e-27
1.309100e+01   1.681400e-27
1.336500e+01   1.790900e-27
1.364500e+01   1.911000e-27
1.393000e+01   2.041900e-27
1.422200e+01   2.185200e-27
1.452000e+01   2.341100e-27
1.482300e+01   2.511400e-27
1.513400e+01   2.696500e-27
1.545100e+01   2.898000e-27
1.577400e+01   3.116700e-27
1.610400e+01   3.354100e-27
1.644100e+01   3.611200e-27
1.678500e+01   3.889400e-27
1.713700e+01   4.190000e-27
1.749600e+01   4.514500e-27
1.786200e+01   4.863900e-27
1.823600e+01   5.240000e-27
1.861700e+01   5.644000e-27
1.900700e+01   6.077400e-27
1.940500e+01   6.541600e-27
1.981100e+01   7.038200e-27
2.022600e+01   7.568600e-27
2.064900e+01   8.134200e-27
2.108200e+01   8.736600e-27
2.152300e+01   9.377100e-27
2.197400e+01   1.005700e-26
2.243300e+01   1.077900e-26
2.290300e+01   1.154200e-26
2.338300e+01   1.235000e-26
2.387200e+01   1.320200e-26
2.437200e+01   1.410100e-26
2.488200e+01   1.504800e-26
2.540300e+01   1.604400e-26
2.593500e+01   1.708900e-26
2.647700e+01   1.818600e-26
2.703200e+01   1.933500e-26
2.759800e+01   2.053800e-26
2.817500e+01   2.179400e-26
2.876500e+01   2.310500e-26
2.936700e+01   2.447200e-26
2.998200e+01   2.589500e-26
3.061000e+01   2.737500e-26
3.125000e+01   2.891300e-26
3.190400e+01   3.050900e-26
3.257200e+01   3.216300e-26
3.325400e+01   3.387500e-26
3.395000e+01   3.564700e-26
3.466100e+01   3.747800e-26
3.538700e+01   3.936800e-26
3.612700e+01   4.131700e-26
3.688400e+01   4.332500e-26
3.765600e+01   4.539200e-26
3.844400e+01   4.751800e-26
3.924900e+01   4.970300e-26
4.007000e+01   5.194600e-26
4.090900e+01   5.424700e-26
4.176500e+01   5.660500e-26
4.264000e+01   5.902000e-26
4.353200e+01   6.149200e-26
4.444400e+01   6.402000e-26
4.537400e+01   6.660400e-26
4.632400e+01   6.924200e-26
4.729400e+01   7.193500e-26
4.828400e+01   7.468200e-26
4.929400e+01   7.748200e-26
5.032600e+01   8.033500e-26
5.138000e+01   8.324000e-26
5.245500e+01   8.619800e-26
5.355300e+01   8.920600e-26
5.467400e+01   9.226600e-26
5.581900e+01   9.537600e-26
5.698700e+01   9.853600e-26
5.818000e+01   1.017500e-25
5.939800e+01   1.050100e-25
6.064100e+01   1.083200e-25
6.191100e+01   1.116800e-25
6.320700e+01   1.150900e-25
6.453000e+01   1.185500e-25
6.588100e+01   1.220500e-25
6.726000e+01   1.256100e-25
6.866800e+01   1.292200e-25
7.010500e+01   1.328900e-25
7.157300e+01   1.366000e-25
7.307100e+01   1.403600e-25
7.460100e+01   1.441800e-25
7.616200e+01   1.480500e-25
7.775700e+01   1.519800e-25
7.938400e+01   1.557200e-25
8.104600e+01   1.592600e-25
8.274300e+01   1.627700e-25
8.447500e+01   1.663600e-25
8.624300e+01   1.701100e-25
8.804900e+01   1.740300e-25
8.989200e+01   1.781100e-25
9.177300e+01   1.823300e-25
9.369500e+01   1.866800e-25
9.565600e+01   1.911300e-25
9.765800e+01   1.956700e-25
9.970300e+01   2.003100e-25
1.017900e+02   2.032400e-25
1.039200e+02   2.079800e-25
1.061000e+02   2.128000e-25
1.083200e+02   2.177000e-25
1.105800e+02   2.226700e-25
1.129000e+02   2.277200e-25
1.152600e+02   2.328400e-25
1.176800e+02   2.380400e-25
1.201400e+02   2.433100e-25
1.226500e+02   2.486600e-25
1.252200e+02   2.540900e-25
1.278400e+02   2.596000e-25
1.305200e+02   2.651900e-25
1.332500e+02   2.708500e-25
1.360400e+02   2.766000e-25
1.388900e+02   2.824200e-25
1.418000e+02   2.883300e-25
1.447600e+02   2.943100e-25
1.477900e+02   3.003700e-25
1.508900e+02   3.065400e-25
1.540500e+02   3.127500e-25
1.572700e+02   3.190400e-25
1.605600e+02   3.254100e-25
1.639200e+02   3.318500e-25
1.673600e+02   3.383600e-25
1.708600e+02   3.449500e-25
1.744400e+02   3.516000e-25
1.780900e+02   3.583300e-25
1.818200e+02   3.651200e-25
1.856200e+02   3.719800e-25
1.895100e+02   3.789000e-25
1.934700e+02   3.858800e-25
1.975200e+02   3.929300e-25
2.016600e+02   4.000300e-25
2.058800e+02   4.071900e-25
2.101900e+02   4.144000e-25
2.145900e+02   4.216600e-25
2.190800e+02   4.289800e-25
2.236700e+02   4.363400e-25
2.283500e+02   4.437400e-25
2.331300e+02   4.511900e-25
2.380100e+02   4.586800e-25
2.429900e+02   4.662100e-25
2.480800e+02   4.737700e-25
2.532700e+02   4.813600e-25
2.585700e+02   4.889900e-25
2.639900e+02   4.966400e-25
2.695100e+02   5.043200e-25
2.751500e+02   5.120200e-25
2.809100e+02   5.197400e-25
2.867900e+02   5.274800e-25
2.928000e+02   5.352400e-25
2.989300e+02   5.430100e-25
3.051900e+02   5.508100e-25
3.115700e+02   5.586000e-25
3.181000e+02   5.663900e-25
3.247500e+02   5.741900e-25
3.315500e+02   5.820000e-25
3.384900e+02   5.898000e-25
3.455800e+02   5.976100e-25
3.528100e+02   6.054100e-25
3.602000e+02   6.132100e-25
3.677400e+02   6.210000e-25
3.754400e+02   6.287800e-25
3.833000e+02   6.365500e-25
3.913200e+02   6.443000e-25
3.995100e+02   6.520500e-25
4.078700e+02   6.597700e-25
4.164100e+02   6.674800e-25
4.251300e+02   6.751800e-25
4.340300e+02   6.828500e-25
4.431100e+02   6.905000e-25
4.523900e+02   6.981300e-25
4.618600e+02   7.057300e-25
4.715300e+02   7.133200e-25
4.814000e+02   7.208700e-25
4.914800e+02   7.284000e-25
5.017600e+02   7.356900e-25
5.122700e+02   7.425300e-25
5.229900e+02   7.493000e-25
5.339400e+02   7.560100e-25
5.451200e+02   7.626600e-25
5.565300e+02   7.692500e-25
5.681800e+02   7.757700e-25
5.800700e+02   7.822400e-25
5.922100e+02   7.886500e-25
6.046100e+02   7.950000e-25
6.172700e+02   8.013000e-25
6.301900e+02   8.075600e-25
6.433800e+02   8.137600e-25
6.568500e+02   8.199200e-25
6.706000e+02   8.260300e-25
6.846400e+02   8.321100e-25
6.989700e+02   8.381400e-25
7.136000e+02   8.441500e-25
7.285400e+02   8.501200e-25
7.437900e+02   8.560600e-25
7.593600e+02   8.619700e-25
7.752600e+02   8.678700e-25
7.914800e+02   8.737400e-25
8.080500e+02   8.795300e-25
8.249700e+02   8.853300e-25
8.422400e+02   8.911200e-25
8.598700e+02   8.969100e-25
8.778700e+02   9.027000e-25
8.962400e+02   9.085000e-25
9.150100e+02   9.142800e-25
9.341600e+02   9.200700e-25
9.537100e+02   9.258600e-25
9.736800e+02   9.316600e-25
9.940600e+02   9.374700e-25
1.014900e+03   9.443300e-25
1.036100e+03   9.501700e-25
1.057800e+03   9.560100e-25
1.079900e+03   9.618700e-25
1.102600e+03   9.677400e-25
1.125600e+03   9.736300e-25
1.149200e+03   9.795400e-25
1.173300e+03   9.854600e-25
1.197800e+03   9.914100e-25
1.222900e+03   9.973800e-25
1.248500e+03   1.003400e-24
1.274600e+03   1.009400e-24
1.301300e+03   1.015400e-24
1.328500e+03   1.021500e-24
1.356400e+03   1.027600e-24
1.384700e+03   1.033800e-24
1.413700e+03   1.039900e-24
1.443300e+03   1.046100e-24
1.473500e+03   1.052400e-24
1.504400e+03   1.058700e-24
1.535900e+03   1.065100e-24
1.568000e+03   1.071500e-24
1.600900e+03   1.078000e-24
1.634400e+03   1.084500e-24
1.668600e+03   1.091100e-24
1.703500e+03   1.097700e-24
1.739200e+03   1.104500e-24
1.775600e+03   1.110700e-24
1.812700e+03   1.117800e-24
1.850700e+03   1.124700e-24
1.889400e+03   1.131900e-24
1.929000e+03   1.139000e-24
1.969400e+03   1.146400e-24
2.010600e+03   1.153800e-24
2.052700e+03   1.161300e-24
2.095600e+03   1.169000e-24
2.139500e+03   1.176800e-24
2.184300e+03   1.184800e-24
2.230000e+03   1.192900e-24
2.276700e+03   1.201200e-24
2.324400e+03   1.209800e-24
2.373000e+03   1.218500e-24
2.422700e+03   1.227500e-24
2.473400e+03   1.236600e-24
2.525200e+03   1.246100e-24
2.578100e+03   1.255700e-24
2.632000e+03   1.265700e-24
2.687100e+03   1.275900e-24
2.743400e+03   1.286500e-24
2.800800e+03   1.297400e-24
2.859400e+03   1.308600e-24
2.919300e+03   1.320300e-24
2.980400e+03   1.332300e-24
3.042800e+03   1.344700e-24
3.106500e+03   1.357600e-24
3.171500e+03   1.371000e-24
3.237900e+03   1.384900e-24
3.305700e+03   1.399300e-24
3.374900e+03   1.414300e-24
3.445500e+03   1.429900e-24
3.517600e+03   1.446100e-24
3.591300e+03   1.463000e-24
3.666500e+03   1.480700e-24
3.743200e+03   1.499100e-24
3.821600e+03   1.518300e-24
3.901600e+03   1.538500e-24
3.983200e+03   1.559500e-24
4.066600e+03   1.581500e-24
4.151700e+03   1.604600e-24
4.238700e+03   1.628800e-24
4.327400e+03   1.654100e-24
4.418000e+03   1.686100e-24
4.510500e+03   1.714800e-24
4.604900e+03   1.745100e-24
4.701300e+03   1.777000e-24
4.799700e+03   1.810700e-24
4.900100e+03   1.846100e-24
5.002700e+03   1.883500e-24
5.107400e+03   1.923000e-24
5.214400e+03   1.964800e-24
5.323500e+03   2.008900e-24
5.435000e+03   2.055700e-24
5.548700e+03   2.105300e-24
5.664900e+03   2.158000e-24
5.783500e+03   2.214100e-24
5.904500e+03   2.273800e-24
6.028100e+03   2.337500e-24
6.154300e+03   2.405600e-24
6.283200e+03   2.478600e-24
6.414700e+03   2.556900e-24
6.549000e+03   2.640900e-24
6.686100e+03   2.731300e-24
6.826000e+03   2.828600e-24
6.968900e+03   2.933500e-24
7.114800e+03   3.045900e-24
7.263700e+03   3.168400e-24
7.415800e+03   3.301400e-24
7.571000e+03   3.445900e-24
7.729500e+03   3.603500e-24
7.891300e+03   3.775600e-24
8.056500e+03   3.964200e-24
8.225100e+03   4.171300e-24
8.397300e+03   4.399300e-24
8.573100e+03   4.650700e-24
8.752600e+03   4.928500e-24
8.935800e+03   5.236200e-24
9.122800e+03   5.577500e-24
9.313800e+03   5.917400e-24
9.508800e+03   6.336900e-24
9.707800e+03   6.809300e-24
9.911000e+03   7.340400e-24
1.011900e+04   7.940300e-24
1.033000e+04   8.619800e-24
1.054700e+04   9.391300e-24
1.076700e+04   1.027000e-23
1.099300e+04   1.127200e-23
1.122300e+04   1.242000e-23
1.145800e+04   1.373400e-23
1.169800e+04   1.524100e-23
1.194300e+04   1.696500e-23
1.219300e+04   1.894800e-23
1.244800e+04   2.122100e-23
1.270800e+04   2.382200e-23
1.297400e+04   2.678700e-23
1.324600e+04   3.017600e-23
1.352300e+04   3.398400e-23
1.380600e+04   3.826300e-23
1.409500e+04   4.300100e-23
1.439000e+04   4.819200e-23
1.469200e+04   5.378400e-23
1.499900e+04   5.970000e-23
1.531300e+04   6.575200e-23
1.563400e+04   7.174600e-23
1.596100e+04   8.253300e-23
1.629500e+04   8.975200e-23
1.663600e+04   9.658300e-23
1.698400e+04   1.027700e-22
1.734000e+04   1.081100e-22
1.770300e+04   1.125600e-22
1.807400e+04   1.158000e-22
1.845200e+04   1.179700e-22
1.883800e+04   1.191500e-22
1.923200e+04   1.194700e-22
1.963500e+04   1.191000e-22
2.004600e+04   1.182000e-22
2.046600e+04   1.169200e-22
2.089400e+04   1.154200e-22
2.133200e+04   1.138100e-22
2.177800e+04   1.121800e-22
2.223400e+04   1.106100e-22
2.269900e+04   1.091500e-22
2.317500e+04   1.078600e-22
2.366000e+04   1.067600e-22
2.415500e+04   1.058900e-22
2.466100e+04   1.052400e-22
2.517700e+04   1.048400e-22
2.570400e+04   1.047000e-22
2.624200e+04   1.048200e-22
2.679100e+04   1.052000e-22
2.735200e+04   1.059300e-22
2.792500e+04   1.068500e-22
2.850900e+04   1.079900e-22
2.910600e+04   1.093600e-22
2.971500e+04   1.110900e-22
3.033700e+04   1.130800e-22
3.097200e+04   1.152800e-22
3.162100e+04   1.176500e-22
3.228300e+04   1.202300e-22
3.295800e+04   1.230200e-22
3.364800e+04   1.259300e-22
3.435300e+04   1.290600e-22
3.507200e+04   1.323700e-22
3.580600e+04   1.359100e-22
3.655600e+04   1.395300e-22
3.732100e+04   1.434900e-22
3.810200e+04   1.475300e-22
3.890000e+04   1.518400e-22
3.971400e+04   1.564800e-22
4.054500e+04   1.612400e-22
4.139400e+04   1.663500e-22
4.226000e+04   1.718400e-22
4.314500e+04   1.775600e-22
4.404800e+04   1.836900e-22
4.497000e+04   1.901700e-22
4.591200e+04   1.970300e-22
4.687300e+04   2.043000e-22
4.785400e+04   2.119100e-22
4.885600e+04   2.200600e-22
4.987800e+04   2.286900e-22
5.092300e+04   2.383600e-22
5.198900e+04   2.482400e-22
5.307700e+04   2.585400e-22
5.418800e+04   2.694400e-22
5.532200e+04   2.809700e-22
5.648000e+04   2.931300e-22
5.766300e+04   3.059900e-22
5.887000e+04   3.195900e-22
6.010200e+04   3.338700e-22
6.136000e+04   3.488700e-22
6.264500e+04   3.645600e-22
6.395600e+04   3.806800e-22
6.529500e+04   3.976900e-22
6.666200e+04   4.153000e-22
6.805700e+04   4.334400e-22
6.948200e+04   4.518300e-22
7.093600e+04   4.703700e-22
7.242100e+04   4.888900e-22
7.393700e+04   5.070200e-22
7.548500e+04   5.251600e-22
7.706500e+04   5.428800e-22
7.867800e+04   5.601300e-22
8.032500e+04   5.768700e-22
8.200700e+04   5.930300e-22
8.372300e+04   6.085800e-22
8.547600e+04   6.234400e-22
8.726500e+04   6.375300e-22
8.909200e+04   6.507100e-22
9.095700e+04   6.628500e-22
9.286100e+04   6.737600e-22
9.480500e+04   6.832400e-22
9.679000e+04   6.911400e-22
9.881600e+04   6.972800e-22
1.008800e+05   7.010900e-22
1.030000e+05   7.035300e-22
1.051500e+05   7.034800e-22
1.073500e+05   7.022900e-22
1.096000e+05   7.002500e-22
1.118900e+05   6.974100e-22
1.142400e+05   6.942000e-22
1.166300e+05   6.910500e-22
1.190700e+05   6.883500e-22
1.215600e+05   6.864000e-22
1.241100e+05   6.854400e-22
1.267100e+05   6.856000e-22
1.293600e+05   6.869500e-22
1.320700e+05   6.894900e-22
1.348300e+05   6.931600e-22
1.376500e+05   6.978600e-22
1.405300e+05   7.034600e-22
1.434800e+05   7.098400e-22
1.464800e+05   7.168100e-22
1.495500e+05   7.242300e-22
1.526800e+05   7.319300e-22
1.558700e+05   7.397200e-22
1.591300e+05   7.474600e-22
1.624700e+05   7.549900e-22
1.658700e+05   7.621900e-22
1.693400e+05   7.689700e-22
1.728800e+05   7.752900e-22
1.765000e+05   7.811500e-22
1.802000e+05   7.866100e-22
1.839700e+05   7.917500e-22
1.878200e+05   7.967000e-22
1.917500e+05   7.986000e-22
1.957700e+05   8.036900e-22
1.998600e+05   8.088800e-22
2.040500e+05   8.141500e-22
2.083200e+05   8.194400e-22
2.126800e+05   8.246100e-22
2.171300e+05   8.294600e-22
2.216800e+05   8.337400e-22
2.263200e+05   8.371000e-22
2.310600e+05   8.391500e-22
2.358900e+05   8.394300e-22
2.408300e+05   8.374200e-22
2.458700e+05   8.326100e-22
2.510200e+05   8.244700e-22
2.562700e+05   8.125600e-22
2.616400e+05   7.965500e-22
2.671200e+05   7.763300e-22
2.727100e+05   7.520400e-22
2.784200e+05   7.240700e-22
2.842400e+05   6.931100e-22
2.901900e+05   6.600500e-22
2.962700e+05   6.258900e-22
3.024700e+05   5.916500e-22
3.088000e+05   5.582300e-22
3.152700e+05   5.263900e-22
3.218700e+05   4.966700e-22
3.286000e+05   4.694200e-22
3.354800e+05   4.447900e-22
3.425100e+05   4.228100e-22
3.496800e+05   4.033800e-22
3.570000e+05   3.862900e-22
3.644700e+05   3.715400e-22
3.721000e+05   3.586800e-22
3.798900e+05   3.477400e-22
3.878400e+05   3.383100e-22
3.959600e+05   3.303600e-22
4.042500e+05   3.235800e-22
4.127100e+05   3.179500e-22
4.213500e+05   3.132200e-22
4.301700e+05   3.093200e-22
4.391700e+05   3.060800e-22
4.483700e+05   3.033800e-22
4.577500e+05   3.011000e-22
4.673300e+05   2.991200e-22
4.771200e+05   2.973400e-22
4.871000e+05   2.956300e-22
4.973000e+05   2.938800e-22
5.077100e+05   2.916700e-22
5.183400e+05   2.891600e-22
5.291900e+05   2.863000e-22
5.402700e+05   2.830000e-22
5.515800e+05   2.792000e-22
5.631200e+05   2.748600e-22
5.749100e+05   2.699900e-22
5.869500e+05   2.646600e-22
5.992300e+05   2.589700e-22
6.117800e+05   2.530800e-22
6.245800e+05   2.471700e-22
6.376600e+05   2.414400e-22
6.510100e+05   2.360300e-22
6.646300e+05   2.310700e-22
6.785500e+05   2.266600e-22
6.927500e+05   2.228400e-22
7.072500e+05   2.196000e-22
7.220600e+05   2.169200e-22
7.371700e+05   2.147300e-22
7.526000e+05   2.129800e-22
7.683600e+05   2.115800e-22
7.844400e+05   2.104500e-22
8.008600e+05   2.095300e-22
8.176300e+05   2.087200e-22
8.347400e+05   2.079700e-22
8.522200e+05   2.072100e-22
8.700600e+05   2.063800e-22
8.882700e+05   2.054300e-22
9.068700e+05   2.043200e-22
9.258500e+05   2.030300e-22
9.452300e+05   2.015500e-22
9.650200e+05   1.998700e-22
9.852200e+05   1.980100e-22
1.005800e+06   1.960000e-22
1.026900e+06   1.938700e-22
1.048400e+06   1.916600e-22
1.070300e+06   1.895100e-22
1.092700e+06   1.871600e-22
1.115600e+06   1.848300e-22
1.139000e+06   1.825300e-22
1.162800e+06   1.802900e-22
1.187200e+06   1.781000e-22
1.212000e+06   1.759600e-22
1.237400e+06   1.738500e-22
1.263300e+06   1.717800e-22
1.289700e+06   1.697200e-22
1.316700e+06   1.676600e-22
1.344300e+06   1.655700e-22
1.372400e+06   1.634300e-22
1.401200e+06   1.612300e-22
1.430500e+06   1.589300e-22
1.460400e+06   1.565100e-22
1.491000e+06   1.539600e-22
1.522200e+06   1.512500e-22
1.554100e+06   1.483700e-22
1.586600e+06   1.453100e-22
1.619800e+06   1.420700e-22
1.653700e+06   1.386300e-22
1.688400e+06   1.350000e-22
1.723700e+06   1.311900e-22
1.759800e+06   1.272100e-22
1.796600e+06   1.230900e-22
1.834200e+06   1.188200e-22
1.872600e+06   1.144600e-22
1.911800e+06   1.100300e-22
1.951800e+06   1.055700e-22
1.992700e+06   1.011200e-22
2.034400e+06   9.671200e-23
2.077000e+06   9.239300e-23
2.120500e+06   8.819200e-23
2.164900e+06   8.413500e-23
2.210200e+06   8.024000e-23
2.256500e+06   7.652100e-23
2.303700e+06   7.297600e-23
2.351900e+06   6.963100e-23
2.401100e+06   6.644300e-23
2.451400e+06   6.345300e-23
2.502700e+06   6.064200e-23
2.555100e+06   5.801400e-23
2.608600e+06   5.556600e-23
2.663200e+06   5.329400e-23
2.719000e+06   5.119200e-23
2.775900e+06   4.925300e-23
2.834000e+06   4.746700e-23
2.893300e+06   4.582500e-23
2.953900e+06   4.432100e-23
3.015700e+06   4.293700e-23
3.078800e+06   4.166600e-23
3.143300e+06   4.050200e-23
3.209100e+06   3.943400e-23
3.276300e+06   3.845500e-23
3.344900e+06   3.755700e-23
3.414900e+06   3.673800e-23
3.486400e+06   3.599100e-23
3.559300e+06   3.531000e-23
3.633800e+06   3.469500e-23
3.709900e+06   3.414400e-23
3.787600e+06   3.363800e-23
3.866900e+06   3.319400e-23
3.947800e+06   3.279200e-23
4.030400e+06   3.244600e-23
4.114800e+06   3.213300e-23
4.201000e+06   3.186900e-23
4.288900e+06   3.163700e-23
4.378700e+06   3.144500e-23
4.470300e+06   3.127600e-23
4.563900e+06   3.114400e-23
4.659400e+06   3.103200e-23
4.757000e+06   3.095200e-23
4.856600e+06   3.088700e-23
4.958200e+06   3.085200e-23
5.062000e+06   3.082800e-23
5.168000e+06   3.082800e-23
5.276200e+06   3.083900e-23
5.386600e+06   3.087000e-23
5.499400e+06   3.091000e-23
5.614500e+06   3.096400e-23
5.732000e+06   3.101900e-23
5.852000e+06   3.108800e-23
5.974500e+06   3.115800e-23
6.099600e+06   3.123600e-23
6.227300e+06   3.131200e-23
6.357600e+06   3.139300e-23
6.490700e+06   3.146600e-23
6.626600e+06   3.154300e-23
6.765300e+06   3.160600e-23
6.906900e+06   3.167400e-23
7.051500e+06   3.172900e-23
7.199100e+06   3.178200e-23
7.349800e+06   3.182300e-23
7.503700e+06   3.186000e-23
7.660700e+06   3.188200e-23
7.821100e+06   3.190000e-23
7.984800e+06   3.190300e-23
8.152000e+06   3.190000e-23
8.322600e+06   3.188100e-23
8.496800e+06   3.185700e-23
8.674700e+06   3.181700e-23
8.856300e+06   3.176200e-23
9.041700e+06   3.169700e-23
9.231000e+06   3.161500e-23
9.424200e+06   3.151400e-23
9.621500e+06   3.140000e-23
9.822900e+06   3.126400e-23
1.002900e+07   3.110800e-23
1.023800e+07   3.093300e-23
1.045300e+07   3.073400e-23
1.067200e+07   3.050800e-23
1.089500e+07   3.026100e-23
1.112300e+07   2.999000e-23
1.135600e+07   2.969400e-23
1.159400e+07   2.937500e-23
1.183600e+07   2.903400e-23
1.208400e+07   2.867300e-23
1.233700e+07   2.829100e-23
1.259500e+07   2.789600e-23
1.285900e+07   2.749000e-23
1.312800e+07   2.707200e-23
1.340300e+07   2.665300e-23
1.368300e+07   2.623200e-23
1.397000e+07   2.581300e-23
1.426200e+07   2.540300e-23
1.456100e+07   2.500100e-23
1.486600e+07   2.461300e-23
1.517700e+07   2.423800e-23
1.549500e+07   2.388200e-23
1.581900e+07   2.354400e-23
1.615000e+07   2.322500e-23
1.648800e+07   2.292700e-23
1.683300e+07   2.265000e-23
1.718600e+07   2.239400e-23
1.754500e+07   2.216000e-23
1.791300e+07   2.194400e-23
1.828800e+07   2.174800e-23
1.867100e+07   2.157000e-23
1.906100e+07   2.140900e-23
1.946000e+07   2.128100e-23
1.986800e+07   2.115600e-23
2.028400e+07   2.104600e-23
2.070800e+07   2.098800e-23
2.114200e+07   2.091200e-23
2.158400e+07   2.084900e-23
2.203600e+07   2.079900e-23
2.249700e+07   2.076100e-23
2.296800e+07   2.073400e-23
2.344900e+07   2.071900e-23
2.394000e+07   2.071300e-23
2.444100e+07   2.071800e-23
2.495300e+07   2.073100e-23
2.547500e+07   2.075400e-23
2.600800e+07   2.078900e-23
2.655300e+07   2.082900e-23
2.710900e+07   2.087600e-23
2.767600e+07   2.093100e-23
2.825600e+07   2.099300e-23
2.884700e+07   2.106200e-23
2.945100e+07   2.113700e-23
3.006700e+07   2.121900e-23
3.069700e+07   2.130700e-23
3.133900e+07   2.140100e-23
3.199500e+07   2.150000e-23
3.266500e+07   2.160500e-23
3.334900e+07   2.171600e-23
3.404700e+07   2.183100e-23
3.476000e+07   2.195200e-23
3.548800e+07   2.207700e-23
3.623000e+07   2.220700e-23
3.698900e+07   2.234200e-23
3.776300e+07   2.248200e-23
3.855400e+07   2.262500e-23
3.936100e+07   2.277300e-23
4.018500e+07   2.292500e-23
4.102600e+07   2.308100e-23
4.188500e+07   2.324100e-23
4.276100e+07   2.340500e-23
4.365700e+07   2.357200e-23
4.457000e+07   2.374300e-23
4.550300e+07   2.391800e-23
4.645600e+07   2.409700e-23
4.742800e+07   2.427900e-23
4.842100e+07   2.446400e-23
4.943500e+07   2.465300e-23
5.047000e+07   2.484400e-23
5.152600e+07   2.504000e-23
5.260500e+07   2.523700e-23
5.370600e+07   2.543900e-23
5.483000e+07   2.564200e-23
5.597800e+07   2.584900e-23
5.715000e+07   2.605800e-23
5.834600e+07   2.627100e-23
5.956800e+07   2.648600e-23
6.081400e+07   2.670400e-23
6.208700e+07   2.692300e-23
6.338700e+07   2.714600e-23
6.471400e+07   2.737100e-23
6.606900e+07   2.759900e-23
6.745200e+07   2.782900e-23
6.886400e+07   2.806200e-23
7.030500e+07   2.829600e-23
7.177700e+07   2.853400e-23
7.328000e+07   2.877300e-23
7.481400e+07   2.901600e-23
7.638000e+07   2.926000e-23
7.797900e+07   2.950700e-23
7.961100e+07   2.975600e-23
8.127700e+07   3.000700e-23
8.297900e+07   3.026100e-23
8.471600e+07   3.051800e-23
8.648900e+07   3.077600e-23
8.830000e+07   3.103700e-23
9.014800e+07   3.130000e-23
9.203500e+07   3.156600e-23
9.396200e+07   3.183400e-23
9.592900e+07   3.210500e-23
9.793700e+07   3.237900e-23
9.998700e+07   3.265500e-23
1.020800e+08   3.293400e-23
1.042200e+08   3.321600e-23
1.064000e+08   3.350000e-23
1.086300e+08   3.378800e-23
1.109000e+08   3.407800e-23
1.132200e+08   3.437200e-23
1.155900e+08   3.466800e-23
1.180100e+08   3.496800e-23
1.204800e+08   3.527100e-23
1.230000e+08   3.557700e-23
1.255800e+08   3.588700e-23
1.282100e+08   3.620000e-23
1.308900e+08   3.651600e-23
1.336300e+08   3.683700e-23
1.364300e+08   3.716000e-23
1.392800e+08   3.748800e-23
1.422000e+08   3.781900e-23
1.451800e+08   3.815400e-23
1.482200e+08   3.849300e-23
1.513200e+08   3.883600e-23
1.544900e+08   3.918300e-23
1.577200e+08   3.953400e-23
1.610200e+08   3.989000e-23
1.643900e+08   4.024900e-23
1.678300e+08   4.061300e-23
1.713500e+08   4.098200e-23
1.749300e+08   4.135400e-23
1.785900e+08   4.173200e-23
1.823300e+08   4.211400e-23
1.861500e+08   4.250000e-23
1.900500e+08   4.289200e-23
1.940300e+08   4.328800e-23
1.980900e+08   4.368900e-23
2.022300e+08   4.409400e-23
2.064700e+08   4.450500e-23
2.107900e+08   4.492100e-23
2.152000e+08   4.534200e-23
2.197100e+08   4.576800e-23
2.243100e+08   4.619900e-23
2.290000e+08   4.663500e-23
2.337900e+08   4.707700e-23
2.386900e+08   4.752500e-23
2.436900e+08   4.797700e-23
2.487900e+08   4.843600e-23
2.539900e+08   4.889900e-23
2.593100e+08   4.936900e-23
2.647400e+08   4.984400e-23
2.702800e+08   5.032600e-23
2.759400e+08   5.081300e-23
2.817200e+08   5.130600e-23
2.876100e+08   5.180500e-23
2.936300e+08   5.231000e-23
2.997800e+08   5.282200e-23
3.060600e+08   5.333900e-23
3.124600e+08   5.386300e-23
3.190000e+08   5.439400e-23
3.256800e+08   5.493100e-23
3.325000e+08   5.547500e-23
3.394600e+08   5.602500e-23
3.465600e+08   5.658300e-23
3.538200e+08   5.714700e-23
3.612300e+08   5.771800e-23
3.687900e+08   5.829600e-23
3.765100e+08   5.888200e-23
3.843900e+08   5.947400e-23
3.924400e+08   6.007400e-23
4.006500e+08   6.068300e-23
4.090400e+08   6.129800e-23
4.176000e+08   6.192000e-23
4.263400e+08   6.255100e-23
4.352700e+08   6.318900e-23
4.443800e+08   6.383600e-23
4.536800e+08   6.449000e-23
4.631800e+08   6.515400e-23
4.728700e+08   6.582500e-23
4.827700e+08   6.650600e-23
4.928800e+08   6.719500e-23
5.032000e+08   6.789300e-23
5.137300e+08   6.860100e-23
5.244800e+08   6.931700e-23
5.354600e+08   7.004300e-23
5.466700e+08   7.077900e-23
5.581200e+08   7.152400e-23
5.698000e+08   7.227900e-23
5.817300e+08   7.304400e-23
5.939000e+08   7.382000e-23
6.063400e+08   7.460600e-23
6.190300e+08   7.540200e-23
6.319900e+08   7.621000e-23
6.452200e+08   7.702800e-23
6.587200e+08   7.785800e-23
6.725100e+08   7.870000e-23
6.865900e+08   7.955300e-23
7.009600e+08   8.041800e-23
7.156400e+08   8.129500e-23
7.306200e+08   8.218500e-23
7.459100e+08   8.308800e-23
7.615300e+08   8.400300e-23
7.774700e+08   8.493200e-23
7.937400e+08   8.587500e-23
8.103600e+08   8.683100e-23
8.273200e+08   8.780200e-23
8.446400e+08   8.878700e-23
8.623200e+08   8.978700e-23
8.803700e+08   9.080200e-23
8.988000e+08   9.183200e-23
9.176100e+08   9.287900e-23
9.368200e+08   9.394200e-23
9.564300e+08   9.502100e-23
9.764600e+08   9.611800e-23
9.969000e+08   9.723200e-23
1.017800e+09   9.836500e-23
1.039100e+09   9.951500e-23
1.060800e+09   1.006800e-22
1.083000e+09   1.018700e-22
1.105700e+09   1.030800e-22
1.128800e+09   1.043100e-22
1.152500e+09   1.055600e-22
1.176600e+09   1.068300e-22
1.201200e+09   1.081300e-22
1.226400e+09   1.094400e-22
1.252000e+09   1.107800e-22
1.278300e+09   1.121500e-22
1.305000e+09   1.135300e-22
1.332300e+09   1.149500e-22
1.360200e+09   1.163900e-22
1.388700e+09   1.178500e-22
1.417800e+09   1.193500e-22
1.447400e+09   1.208700e-22
1.477700e+09   1.224200e-22
1.508700e+09   1.240000e-22
1.540300e+09   1.256100e-22
1.572500e+09   1.272600e-22
1.605400e+09   1.289400e-22
1.639000e+09   1.306500e-22
1.673300e+09   1.323900e-22
1.708400e+09   1.341800e-22
1.744100e+09   1.359900e-22
1.780600e+09   1.378500e-22
1.817900e+09   1.397500e-22
1.856000e+09   1.416900e-22
1.894800e+09   1.436700e-22
1.934500e+09   1.456900e-22
1.975000e+09   1.477600e-22
2.016300e+09   1.498800e-22
2.058500e+09   1.520400e-22
2.101600e+09   1.542500e-22
2.145600e+09   1.565200e-22
2.190500e+09   1.588400e-22
2.236400e+09   1.612100e-22
2.283200e+09   1.636400e-22
2.331000e+09   1.661200e-22
2.379800e+09   1.686700e-22
2.429600e+09   1.712800e-22
2.480500e+09   1.739600e-22
2.532400e+09   1.767000e-22
2.585400e+09   1.795200e-22
2.639500e+09   1.824000e-22
2.694800e+09   1.853600e-22
2.751200e+09   1.884000e-22
2.808800e+09   1.915100e-22
2.867600e+09   1.947100e-22
2.927600e+09   1.980000e-22
2.988900e+09   2.013800e-22
3.051500e+09   2.048400e-22
3.115300e+09   2.084100e-22
3.180500e+09   2.120700e-22
3.247100e+09   2.158400e-22
3.315100e+09   2.197100e-22
3.384500e+09   2.236900e-22
3.455300e+09   2.277900e-22
3.527700e+09   2.320100e-22
3.601500e+09   2.363500e-22
3.676900e+09   2.408200e-22
3.753900e+09   2.454200e-22
3.832500e+09   2.501600e-22
3.912700e+09   2.550500e-22
3.994600e+09   2.600800e-22
4.078200e+09   2.652700e-22
4.163600e+09   2.706200e-22
4.250700e+09   2.761400e-22
4.339700e+09   2.818300e-22
4.430600e+09   2.877000e-22
4.523300e+09   2.937600e-22
4.618000e+09   3.000100e-22
4.714700e+09   3.064700e-22
4.813400e+09   3.131300e-22
4.914100e+09   3.200200e-22
5.017000e+09   3.271300e-22
5.122000e+09   3.344700e-22
5.229200e+09   3.420600e-22
5.338700e+09   3.499100e-22
5.450500e+09   3.580200e-22
5.564600e+09   3.664000e-22
5.681000e+09   3.750800e-22
5.800000e+09   3.840500e-22
5.921400e+09   3.933200e-22
6.045300e+09   4.029300e-22
6.171900e+09   4.128600e-22
6.301100e+09   4.231500e-22
6.433000e+09   4.337900e-22
6.567600e+09   4.448200e-22
6.705100e+09   4.562400e-22
6.845500e+09   4.680600e-22
6.988800e+09   4.803100e-22
7.135100e+09   4.930000e-22
7.284400e+09   5.061500e-22
7.436900e+09   5.197800e-22
7.592600e+09   5.339000e-22
7.751500e+09   5.485500e-22
7.913800e+09   5.637300e-22
8.079500e+09   5.794700e-22
8.248600e+09   5.958000e-22
8.421300e+09   6.127400e-22
8.597600e+09   6.303000e-22
8.777500e+09   6.485300e-22
8.961300e+09   6.674400e-22
9.148900e+09   6.870700e-22
9.340400e+09   7.074400e-22
9.535900e+09   7.285800e-22
9.735500e+09   7.505300e-22