  1.00000e-04      4.47402     -1.42070     -2.84163     0.298478     0.108032     0.356540
  1.19000e-06     -5.38842    -0.831467      9.09813    -0.266638    -0.112273    -0.122088
  1.20000e-06      1.34361     -1.23033    -0.539917    -0.420580    -0.218725    -0.499884
  1.23000e-06     -5.34343     0.757128     -3.00433    -0.139986     0.125030     0.180381
  1.31000e-06      2.10848     -1.89545     0.960183     0.300848    -0.275821    -0.492501
  1.32000e-06     -4.24010     0.236737     -1.72785   -0.0679309     0.170719     0.334109
  1.35000e-06      5.41150     -1.95324     -1.13121    0.0156833    -0.224411    -0.360691
  1.39000e-06     -4.17512      1.42405     0.108939    -0.154173    -0.406794  -0.00573861
  1.40000e-06     -3.72165     -1.93732     -4.17511    -0.311749     0.122119     0.120183
  1.41000e-06     -3.49213    0.0928234     -3.37463   -0.0657125     0.260059     0.285876
  1.48000e-06      4.47706     -1.48200     -2.82079     0.301794    0.0793952     0.366543
  1.51000e-06      4.41481     -1.24868     -2.97153     0.293905     0.117981     0.346455
  1.56000e-06      1.41039      3.69295      6.36263     0.345623  -0.00311823    0.0833177
  1.59000e-06     -4.47285    -0.294433      3.15798    -0.267997    -0.294302    -0.282844
  1.60000e-06      5.29892     -1.14473     -4.99023     0.491096     0.167866   -0.0175895
  1.61000e-06      3.98899      2.86084      3.69440     0.365857    -0.163746    -0.165162
  1.65000e-06     -2.62715     -5.71768     -2.43018    -0.278718     0.201897    -0.206638
  1.66000e-06     -2.14654      5.61231      9.00186     0.146896   -0.0466325     0.417832
  1.68000e-06     -6.04140      2.41286      7.71188    -0.116006    -0.271531     0.347242
  1.70000e-06     -1.87496      4.28506      8.67814    -0.351396   -0.0870661   -0.0481054
  1.71000e-06      3.38079     -2.43394      5.93433   -0.0520928    -0.561210     0.200535
  1.72000e-06      4.69856     -3.35793     -22.5998    -0.117929    -0.156052   -0.0869512
  1.74000e-06     -5.58443    -0.869585     -25.1653     0.118997     0.151543   -0.0702722
  1.76000e-06     0.468784     -6.52339     -6.70312    -0.234343     0.174371    -0.171797
  1.78000e-06      12.6038      4.21378      6.88991     0.114061     0.202852     0.327601
  1.79000e-06     -7.49578     -7.31920     0.751755   0.00928712    0.0396612    -0.312200
  1.80000e-06      5.24455     -3.82058     -11.9391   -0.0473525     0.266022    -0.111488
  1.81000e-06     -11.9836     -2.28185      22.2858    -0.121151    0.0186051   -0.0873305
  1.82000e-06     -5.93769     -11.4590      1.05013     0.195592    -0.279805     0.113911
  1.83000e-06     0.189599      9.14172      3.64915     0.102536    -0.149723     0.265354
  1.88000e-06      1.59066      8.55378      25.0463    0.0105194    -0.181156    0.0663815
