0.0	1.0
3.08295746529e-05	1.001
6.17356477047e-05	1.002
9.27183218268e-05	1.003
0.000123777699732	1.004
0.00015491388417	1.005
0.000186126977931	1.006
0.000217417083842	1.007
0.000248784304771	1.008
0.000280228743624	1.009
0.000311750503347	1.01
0.000343349686924	1.011
0.000375026397377	1.012
0.00040678073777	1.013
0.000438612811203	1.014
0.000470522720817	1.015
0.000502510569791	1.016
0.000534576461345	1.017
0.000566720498735	1.018
0.000598942785257	1.019
0.000631243424249	1.02
0.000663622519085	1.021
0.00069608017318	1.022
0.000728616489985	1.023
0.000761231572995	1.024
0.000793925525739	1.025
0.000826698451791	1.026
0.000859550454759	1.027
0.000892481638293	1.028
0.00092549210608	1.029
0.000958581961851	1.03
0.000991751309369	1.031
0.00102500025244	1.032
0.00105832889492	1.033
0.00109173734068	1.034
0.00112522569365	1.035
0.0011587940578	1.036
0.00119244253712	1.037
0.00122617123566	1.038
0.00125998025751	1.039
0.00129386970677	1.04
0.00132783968762	1.041
0.00136189030425	1.042
0.0013960216609	1.043
0.00143023386185	1.044
0.00146452701142	1.045
0.00149890121396	1.046
0.00153335657388	1.047
0.0015678931956	1.048
0.00160251118362	1.049
0.00163721064243	1.05
0.0016719916766	1.051
0.00170685439072	1.052
0.00174179888942	1.053
0.00177682527739	1.054
0.00181193365932	1.055
0.00184712413998	1.056
0.00188239682416	1.057
0.00191775181668	1.058
0.00195318922243	1.059
0.00198870914631	1.06
0.00202431169327	1.061
0.00205999696831	1.062
0.00209576507645	1.063
0.00213161612276	1.064
0.00216755021236	1.065
0.00220356745039	1.066
0.00223966794204	1.067
0.00227585179255	1.068
0.00231211910717	1.069
0.00234846999122	1.07
0.00238490455004	1.071
0.00242142288903	1.072
0.00245802511361	1.073
0.00249471132925	1.074
0.00253148164145	1.075
0.00256833615576	1.076
0.00260527497777	1.077
0.00264229821311	1.078
0.00267940596744	1.079
0.00271659834647	1.08
0.00275387545594	1.081
0.00279123740165	1.082
0.00282868428941	1.083
0.00286621622509	1.084
0.0029038333146	1.085
0.00294153566389	1.086
0.00297932337893	1.087
0.00301719656576	1.088
0.00305515533044	1.089
0.00309319977908	1.09
0.00313133001782	1.091
0.00316954615285	1.092
0.00320784829039	1.093
0.00324623653671	1.094
0.00328471099811	1.095
0.00332327178094	1.096
0.00336191899159	1.097
0.00340065273648	1.098
0.00343947312207	1.099
0.00347838025488	1.1
0.00351737424144	1.101
0.00355645518835	1.102
0.00359562320224	1.103
0.00363487838975	1.104
0.00367422085761	1.105
0.00371365071257	1.106
0.00375316806139	1.107
0.00379277301092	1.108
0.00383246566802	1.109
0.0038722461396	1.11
0.0039121145326	1.111
0.00395207095402	1.112
0.00399211551087	1.113
0.00403224831023	1.114
0.00407246945921	1.115
0.00411277906495	1.116
0.00415317723465	1.117
0.00419366407553	1.118
0.00423423969485	1.119
0.00427490419994	1.12
0.00431565769814	1.121
0.00435650029684	1.122
0.00439743210348	1.123
0.00443845322551	1.124
0.00447956377046	1.125
0.00452076384586	1.126
0.00456205355933	1.127
0.00460343301848	1.128
0.004644902331	1.129
0.00468646160458	1.13
0.00472811094699	1.131
0.00476985046602	1.132
0.00481168026951	1.133
0.00485360046532	1.134
0.00489561116138	1.135
0.00493771246563	1.136
0.00497990448607	1.137
0.00502218733075	1.138
0.00506456110773	1.139
0.00510702592513	1.14
0.00514958189111	1.141
0.00519222911387	1.142
0.00523496770165	1.143
0.00527779776272	1.144
0.0053207194054	1.145
0.00536373273807	1.146
0.0054068378691	1.147
0.00545003490695	1.148
0.0054933239601	1.149
0.00553670513707	1.15
0.00558017854642	1.151
0.00562374429675	1.152
0.00566740249671	1.153
0.00571115325499	1.154
0.0057549966803	1.155
0.00579893288142	1.156
0.00584296196714	1.157
0.00588708404632	1.158
0.00593129922785	1.159
0.00597560762064	1.16
0.00602000933368	1.161
0.00606450447596	1.162
0.00610909315654	1.163
0.00615377548451	1.164
0.006198551569	1.165
0.00624342151919	1.166
0.00628838544427	1.167
0.00633344345352	1.168
0.00637859565621	1.169
0.0064238421617	1.17
0.00646918307934	1.171
0.00651461851856	1.172
0.00656014858882	1.173
0.00660577339961	1.174
0.00665149306046	1.175
0.00669730768097	1.176
0.00674321737074	1.177
0.00678922223944	1.178
0.00683532239678	1.179
0.00688151795248	1.18
0.00692780901634	1.181
0.00697419569818	1.182
0.00702067810786	1.183
0.00706725635529	1.184
0.00711393055041	1.185
0.00716070080321	1.186
0.00720756722372	1.187
0.00725452992201	1.188
0.00730158900818	1.189
0.00734874459239	1.19
0.00739599678483	1.191
0.00744334569573	1.192
0.00749079143535	1.193
0.00753833411402	1.194
0.0075859738421	1.195
0.00763371072996	1.196
0.00768154488806	1.197
0.00772947642686	1.198
0.00777750545689	1.199
0.00782563208871	1.2
0.00787385643291	1.201
0.00792217860013	1.202
0.00797059870106	1.203
0.00801911684642	1.204
0.00806773314698	1.205
0.00811644771353	1.206
0.00816526065692	1.207
0.00821417208804	1.208
0.00826318211782	1.209
0.00831229085723	1.21
0.00836149841726	1.211
0.00841080490898	1.212
0.00846021044348	1.213
0.00850971513188	1.214
0.00855931908536	1.215
0.00860902241514	1.216
0.00865882523246	1.217
0.00870872764863	1.218
0.00875872977499	1.219
0.0088088317229	1.22
0.00885903360379	1.221
0.00890933552913	1.222
0.0089597376104	1.223
0.00901023995916	1.224
0.00906084268699	1.225
0.00911154590551	1.226
0.00916234972638	1.227
0.00921325426132	1.228
0.00926425962206	1.229
0.00931536592041	1.23
0.00936657326818	1.231
0.00941788177726	1.232
0.00946929155954	1.233
0.00952080272699	1.234
0.0095724153916	1.235
0.0096241296654	1.236
0.00967594566047	1.237
0.00972786348893	1.238
0.00977988326293	1.239
0.00983200509468	1.24
0.00988422909641	1.241
0.0099365553804	1.242
0.00998898405899	1.243
0.0100415152445	1.244
0.0100941490494	1.245
0.0101468855861	1.246
0.0101997249671	1.247
0.0102526673049	1.248
0.0103057127121	1.249
0.0103588613013	1.25
0.0104121131852	1.251
0.0104654684764	1.252
0.0105189272877	1.253
0.0105724897318	1.254
0.0106261559216	1.255
0.01067992597	1.256
0.0107337999897	1.257
0.0107877780939	1.258
0.0108418603953	1.259
0.0108960470072	1.26
0.0109503380425	1.261
0.0110047336143	1.262
0.0110592338358	1.263
0.0111138388202	1.264
0.0111685486807	1.265
0.0112233635306	1.266
0.0112782834831	1.267
0.0113333086517	1.268
0.0113884391497	1.269
0.0114436750906	1.27
0.0114990165878	1.271
0.0115544637548	1.272
0.0116100167053	1.273
0.0116656755528	1.274
0.0117214404109	1.275
0.0117773113934	1.276
0.0118332886139	1.277
0.0118893721862	1.278
0.0119455622242	1.279
0.0120018588416	1.28
0.0120582621524	1.281
0.0121147722705	1.282
0.0121713893098	1.283
0.0122281133844	1.284
0.0122849446084	1.285
0.0123418830957	1.286
0.0123989289606	1.287
0.0124560823173	1.288
0.0125133432798	1.289
0.0125707119626	1.29
0.0126281884799	1.291
0.012685772946	1.292
0.0127434654754	1.293
0.0128012661824	1.294
0.0128591751816	1.295
0.0129171925873	1.296
0.0129753185143	1.297
0.013033553077	1.298
0.0130918963901	1.299
0.0131503485682	1.3
0.0132089097262	1.301
0.0132675799786	1.302
0.0133263594404	1.303
0.0133852482264	1.304
0.0134442464514	1.305
0.0135033542303	1.306
0.0135625716782	1.307
0.01362189891	1.308
0.0136813360408	1.309
0.0137408831856	1.31
0.0138005404596	1.311
0.0138603079779	1.312
0.0139201858558	1.313
0.0139801742085	1.314
0.0140402731512	1.315
0.0141004827994	1.316
0.0141608032684	1.317
0.0142212346736	1.318
0.0142817771305	1.319
0.0143424307545	1.32
0.0144031956612	1.321
0.0144640719662	1.322
0.0145250597851	1.323
0.0145861592336	1.324
0.0146473704273	1.325
0.0147086934821	1.326
0.0147701285136	1.327
0.0148316756378	1.328
0.0148933349704	1.329
0.0149551066275	1.33
0.0150169907249	1.331
0.0150789873786	1.332
0.0151410967048	1.333
0.0152033188193	1.334
0.0152656538385	1.335
0.0153281018784	1.336
0.0153906630551	1.337
0.0154533374851	1.338
0.0155161252845	1.339
0.0155790265697	1.34
0.015642041457	1.341
0.0157051700628	1.342
0.0157684125036	1.343
0.0158317688959	1.344
0.0158952393562	1.345
0.0159588240011	1.346
0.0160225229471	1.347
0.016086336311	1.348
0.0161502642094	1.349
0.016214306759	1.35
0.0162784640767	1.351
0.0163427362792	1.352
0.0164071234835	1.353
0.0164716258063	1.354
0.0165362433647	1.355
0.0166009762757	1.356
0.0166658246562	1.357
0.0167307886233	1.358
0.0167958682941	1.359
0.0168610637859	1.36
0.0169263752157	1.361
0.0169918027007	1.362
0.0170573463584	1.363
0.0171230063059	1.364
0.0171887826606	1.365
0.01725467554	1.366
0.0173206850615	1.367
0.0173868113424	1.368
0.0174530545004	1.369
0.0175194146531	1.37
0.0175858919179	1.371
0.0176524864126	1.372
0.0177191982549	1.373
0.0177860275624	1.374
0.0178529744529	1.375
0.0179200390443	1.376
0.0179872214544	1.377
0.018054521801	1.378
0.0181219402021	1.379
0.0181894767757	1.38
0.0182571316398	1.381
0.0183249049124	1.382
0.0183927967116	1.383
0.0184608071556	1.384
0.0185289363626	1.385
0.0185971844507	1.386
0.0186655515382	1.387
0.0187340377435	1.388
0.0188026431848	1.389
0.0188713679806	1.39
0.0189402122492	1.391
0.0190091761092	1.392
0.019078259679	1.393
0.0191474630772	1.394
0.0192167864224	1.395
0.0192862298332	1.396
0.0193557934282	1.397
0.0194254773263	1.398
0.019495281646	1.399
0.0195652065063	1.4
0.019635252026	1.401
0.0197054183239	1.402
0.019775705519	1.403
0.0198461137302	1.404
0.0199166430765	1.405
0.019987293677	1.406
0.0200580656507	1.407
0.0201289591167	1.408
0.0201999741943	1.409
0.0202711110026	1.41
0.0203423696609	1.411
0.0204137502884	1.412
0.0204852530045	1.413
0.0205568779286	1.414
0.0206286251801	1.415
0.0207004948783	1.416
0.0207724871429	1.417
0.0208446020932	1.418
0.020916839849	1.419
0.0209892005299	1.42
0.0210616842554	1.421
0.0211342911452	1.422
0.0212070213192	1.423
0.0212798748971	1.424
0.0213528519987	1.425
0.0214259527438	1.426
0.0214991772525	1.427
0.0215725256445	1.428
0.0216459980399	1.429
0.0217195945588	1.43
0.0217933153211	1.431
0.021867160447	1.432
0.0219411300567	1.433
0.0220152242703	1.434
0.022089443208	1.435
0.0221637869901	1.436
0.022238255737	1.437
0.022312849569	1.438
0.0223875686064	1.439
0.0224624129697	1.44
0.0225373827794	1.441
0.022612478156	1.442
0.0226876992201	1.443
0.0227630460922	1.444
0.0228385188929	1.445
0.022914117743	1.446
0.0229898427632	1.447
0.0230656940743	1.448
0.0231416717969	1.449
0.023217776052	1.45
0.0232940069605	1.451
0.0233703646433	1.452
0.0234468492213	1.453
0.0235234608155	1.454
0.0236001995471	1.455
0.023677065537	1.456
0.0237540589064	1.457
0.0238311797765	1.458
0.0239084282684	1.459
0.0239858045035	1.46
0.0240633086029	1.461
0.0241409406881	1.462
0.0242187008804	1.463
0.0242965893013	1.464
0.0243746060721	1.465
0.0244527513143	1.466
0.0245310251496	1.467
0.0246094276994	1.468
0.0246879590854	1.469
0.0247666194292	1.47
0.0248454088526	1.471
0.0249243274772	1.472
0.0250033754249	1.473
0.0250825528174	1.474
0.0251618597767	1.475
0.0252412964245	1.476
0.0253208628829	1.477
0.0254005592739	1.478
0.0254803857193	1.479
0.0255603423414	1.48
0.0256404292622	1.481
0.0257206466039	1.482
0.0258009944886	1.483
0.0258814730385	1.484
0.025962082376	1.485
0.0260428226232	1.486
0.0261236939027	1.487
0.0262046963366	1.488
0.0262858300476	1.489
0.026367095158	1.49
0.0264484917903	1.491
0.0265300200671	1.492
0.0266116801109	1.493
0.0266934720445	1.494
0.0267753959904	1.495
0.0268574520714	1.496
0.0269396404102	1.497
0.0270219611296	1.498
0.0271044143525	1.499
0.0271870002016	1.5
0.0272697188	1.501
0.0273525702705	1.502
0.0274355547361	1.503
0.0275186723199	1.504
0.027601923145	1.505
0.0276853073344	1.506
0.0277688250113	1.507
0.0278524762989	1.508
0.0279362613204	1.509
0.0280201801992	1.51
0.0281042330584	1.511
0.0281884200215	1.512
0.0282727412118	1.513
0.0283571967528	1.514
0.0284417867679	1.515
0.0285265113807	1.516
0.0286113707147	1.517
0.0286963648935	1.518
0.0287814940408	1.519
0.0288667582801	1.52
0.0289521577353	1.521
0.02903769253	1.522
0.0291233627881	1.523
0.0292091686334	1.524
0.0292951101897	1.525
0.0293811875811	1.526
0.0294674009313	1.527
0.0295537503645	1.528
0.0296402360046	1.529
0.0297268579758	1.53
0.029813616402	1.531
0.0299005114076	1.532
0.0299875431166	1.533
0.0300747116534	1.534
0.0301620171421	1.535
0.0302494597071	1.536
0.0303370394728	1.537
0.0304247565635	1.538
0.0305126111037	1.539
0.0306006032178	1.54
0.0306887330303	1.541
0.0307770006658	1.542
0.0308654062489	1.543
0.0309539499043	1.544
0.0310426317565	1.545
0.0311314519303	1.546
0.0312204105504	1.547
0.0313095077417	1.548
0.0313987436289	1.549
0.031488118337	1.55
0.0315776319908	1.551
0.0316672847152	1.552
0.0317570766354	1.553
0.0318470078762	1.554
0.0319370785628	1.555
0.0320272888202	1.556
0.0321176387737	1.557
0.0322081285483	1.558
0.0322987582694	1.559
0.0323895280622	1.56
0.0324804380519	1.561
0.032571488364	1.562
0.0326626791237	1.563
0.0327540104566	1.564
0.0328454824881	1.565
0.0329370953437	1.566
0.0330288491489	1.567
0.0331207440294	1.568
0.0332127801107	1.569
0.0333049575184	1.57
0.0333972763783	1.571
0.0334897368162	1.572
0.0335823389578	1.573
0.0336750829289	1.574
0.0337679688553	1.575
0.033860996863	1.576
0.0339541670779	1.577
0.034047479626	1.578
0.0341409346333	1.579
0.0342345322258	1.58
0.0343282725296	1.581
0.0344221556709	1.582
0.0345161817757	1.583
0.0346103509705	1.584
0.0347046633812	1.585
0.0347991191344	1.586
0.0348937183562	1.587
0.0349884611731	1.588
0.0350833477114	1.589
0.0351783780977	1.59
0.0352735524583	1.591
0.0353688709198	1.592
0.0354643336087	1.593
0.0355599406517	1.594
0.0356556921754	1.595
0.0357515883065	1.596
0.0358476291716	1.597
0.0359438148976	1.598
0.0360401456112	1.599
0.0361366214393	1.6
0.0362332425087	1.601
0.0363300089463	1.602
0.0364269208791	1.603
0.0365239784341	1.604
0.0366211817383	1.605
0.0367185309187	1.606
0.0368160261025	1.607
0.0369136674169	1.608
0.0370114549889	1.609
0.0371093889458	1.61
0.0372074694149	1.611
0.0373056965234	1.612
0.0374040703987	1.613
0.0375025911683	1.614
0.0376012589593	1.615
0.0377000738995	1.616
0.0377990361161	1.617
0.0378981457368	1.618
0.0379974028891	1.619
0.0380968077007	1.62
0.0381963602991	1.621
0.038296060812	1.622
0.0383959093672	1.623
0.0384959060925	1.624
0.0385960511156	1.625
0.0386963445643	1.626
0.0387967865665	1.627
0.0388973772503	1.628
0.0389981167434	1.629
0.0390990051738	1.63
0.0392000426697	1.631
0.0393012293591	1.632
0.0394025653701	1.633
0.0395040508308	1.634
0.0396056858693	1.635
0.039707470614	1.636
0.0398094051931	1.637
0.0399114897349	1.638
0.0400137243676	1.639
0.0401161092198	1.64
0.0402186444197	1.641
0.0403213300958	1.642
0.0404241663767	1.643
0.0405271533907	1.644
0.0406302912666	1.645
0.0407335801329	1.646
0.0408370201182	1.647
0.0409406113513	1.648
0.0410443539607	1.649
0.0411482480753	1.65
0.0412522938239	1.651
0.0413564913353	1.652
0.0414608407383	1.653
0.0415653421619	1.654
0.0416699957349	1.655
0.0417748015864	1.656
0.0418797598454	1.657
0.041984870641	1.658
0.0420901341022	1.659
0.0421955503581	1.66
0.0423011195379	1.661
0.0424068417709	1.662
0.0425127171862	1.663
0.0426187459131	1.664
0.0427249280811	1.665
0.0428312638193	1.666
0.0429377532572	1.667
0.0430443965243	1.668
0.0431511937499	1.669
0.0432581450637	1.67
0.0433652505951	1.671
0.0434725104737	1.672
0.0435799248292	1.673
0.0436874937911	1.674
0.0437952174892	1.675
0.0439030960532	1.676
0.0440111296129	1.677
0.044119318298	1.678
0.0442276622385	1.679
0.0443361615642	1.68
0.0444448164049	1.681
0.0445536268907	1.682
0.0446625931515	1.683
0.0447717153174	1.684
0.0448809935185	1.685
0.0449904278847	1.686
0.0451000185463	1.687
0.0452097656334	1.688
0.0453196692763	1.689
0.0454297296052	1.69
0.0455399467503	1.691
0.0456503208421	1.692
0.0457608520108	1.693
0.0458715403868	1.694
0.0459823861006	1.695
0.0460933892827	1.696
0.0462045500635	1.697
0.0463158685736	1.698
0.0464273449436	1.699
0.0465389793041	1.7
0.0466507717857	1.701
0.0467627225191	1.702
0.0468748316351	1.703
0.0469870992644	1.704
0.0470995255378	1.705
0.0472121105862	1.706
0.0473248545404	1.707
0.0474377575313	1.708
0.0475508196899	1.709
0.0476640411471	1.71
0.047777422034	1.711
0.0478909624817	1.712
0.0480046626211	1.713
0.0481185225835	1.714
0.0482325425	1.715
0.0483467225018	1.716
0.0484610627201	1.717
0.0485755632862	1.718
0.0486902243315	1.719
0.0488050459872	1.72
0.0489200283847	1.721
0.0490351716556	1.722
0.0491504759311	1.723
0.0492659413428	1.724
0.0493815680222	1.725
0.0494973561009	1.726
0.0496133057105	1.727
0.0497294169827	1.728
0.0498456900489	1.729
0.0499621250411	1.73
0.0500787220909	1.731
0.0501954813301	1.732
0.0503124028905	1.733
0.050429486904	1.734
0.0505467335024	1.735
0.0506641428177	1.736
0.0507817149818	1.737
0.0508994501267	1.738
0.0510173483844	1.739
0.0511354098871	1.74
0.0512536347667	1.741
0.0513720231554	1.742
0.0514905751855	1.743
0.051609290989	1.744
0.0517281706983	1.745
0.0518472144456	1.746
0.0519664223632	1.747
0.0520857945835	1.748
0.0522053312389	1.749
0.0523250324617	1.75
0.0524448983844	1.751
0.0525649291396	1.752
0.0526851248596	1.753
0.0528054856772	1.754
0.0529260117248	1.755
0.0530467031352	1.756
0.0531675600409	1.757
0.0532885825747	1.758
0.0534097708693	1.759
0.0535311250575	1.76
0.053652645272	1.761
0.0537743316458	1.762
0.0538961843116	1.763
0.0540182034025	1.764
0.0541403890513	1.765
0.054262741391	1.766
0.0543852605546	1.767
0.0545079466752	1.768
0.0546307998859	1.769
0.0547538203197	1.77
0.0548770081099	1.771
0.0550003633896	1.772
0.055123886292	1.773
0.0552475769505	1.774
0.0553714354982	1.775
0.0554954620685	1.776
0.0556196567948	1.777
0.0557440198105	1.778
0.0558685512489	1.779
0.0559932512436	1.78
0.0561181199281	1.781
0.0562431574358	1.782
0.0563683639004	1.783
0.0564937394555	1.784
0.0566192842346	1.785
0.0567449983715	1.786
0.0568708819998	1.787
0.0569969352534	1.788
0.0571231582659	1.789
0.0572495511711	1.79
0.057376114103	1.791
0.0575028471954	1.792
0.0576297505822	1.793
0.0577568243973	1.794
0.0578840687747	1.795
0.0580114838485	1.796
0.0581390697526	1.797
0.0582668266211	1.798
0.0583947545882	1.799
0.058522853788	1.8
0.0586511243547	1.801
0.0587795664225	1.802
0.0589081801256	1.803
0.0590369655983	1.804
0.0591659229749	1.805
0.0592950523899	1.806
0.0594243539774	1.807
0.0595538278721	1.808
0.0596834742083	1.809
0.0598132931204	1.81
0.0599432847431	1.811
0.0600734492108	1.812
0.0602037866582	1.813
0.0603342972199	1.814
0.0604649810304	1.815
0.0605958382246	1.816
0.060726868937	1.817
0.0608580733025	1.818
0.0609894514558	1.819
0.0611210035317	1.82
0.0612527296652	1.821
0.061384629991	1.822
0.0615167046441	1.823
0.0616489537594	1.824
0.0617813774719	1.825
0.0619139759167	1.826
0.0620467492287	1.827
0.062179697543	1.828
0.0623128209948	1.829
0.0624461197192	1.83
0.0625795938513	1.831
0.0627132435265	1.832
0.0628470688798	1.833
0.0629810700466	1.834
0.0631152471623	1.835
0.063249600362	1.836
0.0633841297813	1.837
0.0635188355555	1.838
0.06365371782	1.839
0.0637887767103	1.84
0.063924012362	1.841
0.0640594249105	1.842
0.0641950144914	1.843
0.0643307812403	1.844
0.0644667252929	1.845
0.0646028467847	1.846
0.0647391458516	1.847
0.0648756226292	1.848
0.0650122772533	1.849
0.0651491098596	1.85
0.065286120584	1.851
0.0654233095624	1.852
0.0655606769306	1.853
0.0656982228246	1.854
0.0658359473803	1.855
0.0659738507336	1.856
0.0661119330207	1.857
0.0662501943775	1.858
0.0663886349401	1.859
0.0665272548446	1.86
0.0666660542272	1.861
0.0668050332241	1.862
0.0669441919714	1.863
0.0670835306054	1.864
0.0672230492623	1.865
0.0673627480785	1.866
0.0675026271902	1.867
0.0676426867339	1.868
0.0677829268459	1.869
0.0679233476626	1.87
0.0680639493206	1.871
0.0682047319562	1.872
0.068345695706	1.873
0.0684868407066	1.874
0.0686281670945	1.875
0.0687696750064	1.876
0.0689113645788	1.877
0.0690532359485	1.878
0.0691952892522	1.879
0.0693375246265	1.88
0.0694799422083	1.881
0.0696225421343	1.882
0.0697653245415	1.883
0.0699082895665	1.884
0.0700514373464	1.885
0.070194768018	1.886
0.0703382817183	1.887
0.0704819785842	1.888
0.0706258587528	1.889
0.0707699223612	1.89
0.0709141695463	1.891
0.0710586004453	1.892
0.0712032151953	1.893
0.0713480139335	1.894
0.0714929967971	1.895
0.0716381639233	1.896
0.0717835154493	1.897
0.0719290515125	1.898
0.07207477225	1.899
0.0722206777994	1.9
0.0723667682979	1.901
0.072513043883	1.902
0.0726595046921	1.903
0.0728061508626	1.904
0.0729529825321	1.905
0.073099999838	1.906
0.073247202918	1.907
0.0733945919096	1.908
0.0735421669504	1.909
0.073689928178	1.91
0.0738378757302	1.911
0.0739860097445	1.912
0.0741343303589	1.913
0.0742828377109	1.914
0.0744315319385	1.915
0.0745804131794	1.916
0.0747294815714	1.917
0.0748787372525	1.918
0.0750281803606	1.919
0.0751778110335	1.92
0.0753276294093	1.921
0.075477635626	1.922
0.0756278298215	1.923
0.0757782121339	1.924
0.0759287827013	1.925
0.0760795416618	1.926
0.0762304891536	1.927
0.0763816253148	1.928
0.0765329502836	1.929
0.0766844641983	1.93
0.076836167197	1.931
0.0769880594182	1.932
0.077140141	1.933
0.0772924120808	1.934
0.077444872799	1.935
0.077597523293	1.936
0.0777503637013	1.937
0.0779033941622	1.938
0.0780566148142	1.939
0.078210025796	1.94
0.0783636272459	1.941
0.0785174193026	1.942
0.0786714021046	1.943
0.0788255757907	1.944
0.0789799404994	1.945
0.0791344963694	1.946
0.0792892435394	1.947
0.0794441821482	1.948
0.0795993123346	1.949
0.0797546342372	1.95
0.079910147995	1.951
0.0800658537468	1.952
0.0802217516314	1.953
0.0803778417878	1.954
0.0805341243549	1.955
0.0806905994717	1.956
0.0808472672771	1.957
0.0810041279101	1.958
0.0811611815099	1.959
0.0813184282154	1.96
0.0814758681657	1.961
0.0816335015001	1.962
0.0817913283575	1.963
0.0819493488773	1.964
0.0821075631986	1.965
0.0822659714607	1.966
0.0824245738027	1.967
0.082583370364	1.968
0.082742361284	1.969
0.0829015467018	1.97
0.083060926757	1.971
0.0832205015889	1.972
0.0833802713369	1.973
0.0835402361405	1.974
0.0837003961392	1.975
0.0838607514724	1.976
0.0840213022796	1.977
0.0841820487005	1.978
0.0843429908746	1.979
0.0845041289415	1.98
0.0846654630409	1.981
0.0848269933124	1.982
0.0849887198957	1.983
0.0851506429304	1.984
0.0853127625565	1.985
0.0854750789135	1.986
0.0856375921414	1.987
0.0858003023799	1.988
0.0859632097688	1.989
0.0861263144481	1.99
0.0862896165576	1.991
0.0864531162373	1.992
0.0866168136271	1.993
0.086780708867	1.994
0.0869448020969	1.995
0.0871090934569	1.996
0.0872735830871	1.997
0.0874382711275	1.998
0.0876031577182	1.999
0.0877682429994	2.0
0.0879335271112	2.001
0.0880990101937	2.002
0.0882646923873	2.003
0.0884305738321	2.004
0.0885966546683	2.005
0.0887629350363	2.006
0.0889294150764	2.007
0.0890960949288	2.008
0.089262974734	2.009
0.0894300546323	2.01
0.0895973347641	2.011
0.0897648152699	2.012
0.08993249629	2.013
0.0901003779651	2.014
0.0902684604355	2.015
0.0904367438419	2.016
0.0906052283247	2.017
0.0907739140246	2.018
0.0909428010822	2.019
0.091111889638	2.02
0.0912811798327	2.021
0.0914506718071	2.022
0.0916203657018	2.023
0.0917902616575	2.024
0.091960359815	2.025
0.092130660315	2.026
0.0923011632984	2.027
0.0924718689059	2.028
0.0926427772785	2.029
0.092813888557	2.03
0.0929852028822	2.031
0.0931567203952	2.032
0.0933284412368	2.033
0.093500365548	2.034
0.0936724934698	2.035
0.0938448251432	2.036
0.0940173607092	2.037
0.0941901003089	2.038
0.0943630440835	2.039
0.0945361921739	2.04
0.0947095447213	2.041
0.0948831018669	2.042
0.0950568637519	2.043
0.0952308305174	2.044
0.0954050023047	2.045
0.095579379255	2.046
0.0957539615096	2.047
0.0959287492098	2.048
0.0961037424969	2.049
0.0962789415122	2.05
0.0964543463972	2.051
0.0966299572931	2.052
0.0968057743414	2.053
0.0969817976835	2.054
0.0971580274609	2.055
0.097334463815	2.056
0.0975111068874	2.057
0.0976879568196	2.058
0.097865013753	2.059
0.0980422778293	2.06
0.0982197491901	2.061
0.098397427977	2.062
0.0985753143315	2.063
0.0987534083955	2.064
0.0989317103104	2.065
0.0991102202181	2.066
0.0992889382602	2.067
0.0994678645785	2.068
0.0996469993148	2.069
0.0998263426108	2.07
0.100005894608	2.071
0.100185655449	2.072
0.100365625275	2.073
0.100545804229	2.074
0.100726192451	2.075
0.100906790084	2.076
0.10108759727	2.077
0.101268614151	2.078
0.101449840869	2.079
0.101631277565	2.08
0.101812924382	2.081
0.101994781462	2.082
0.102176848947	2.083
0.102359126979	2.084
0.102541615701	2.085
0.102724315253	2.086
0.102907225779	2.087
0.10309034742	2.088
0.103273680319	2.089
0.103457224618	2.09
0.10364098046	2.091
0.103824947985	2.092
0.104009127338	2.093
0.104193518659	2.094
0.104378122092	2.095
0.104562937778	2.096
0.104747965861	2.097
0.104933206482	2.098
0.105118659783	2.099
0.105304325908	2.1
0.105490204998	2.101
0.105676297197	2.102
0.105862602646	2.103
0.106049121488	2.104
0.106235853866	2.105
0.106422799922	2.106
0.106609959799	2.107
0.106797333638	2.108
0.106984921584	2.109
0.107172723778	2.11
0.107360740363	2.111
0.107548971482	2.112
0.107737417278	2.113
0.107926077892	2.114
0.108114953468	2.115
0.108304044149	2.116
0.108493350077	2.117
0.108682871395	2.118
0.108872608246	2.119
0.109062560773	2.12
0.109252729118	2.121
0.109443113424	2.122
0.109633713835	2.123
0.109824530493	2.124
0.11001556354	2.125
0.110206813121	2.126
0.110398279377	2.127
0.110589962452	2.128
0.110781862489	2.129
0.110973979631	2.13
0.11116631402	2.131
0.111358865801	2.132
0.111551635115	2.133
0.111744622105	2.134
0.111937826916	2.135
0.11213124969	2.136
0.11232489057	2.137
0.1125187497	2.138
0.112712827222	2.139
0.11290712328	2.14
0.113101638016	2.141
0.113296371575	2.142
0.113491324099	2.143
0.113686495731	2.144
0.113881886615	2.145
0.114077496895	2.146
0.114273326712	2.147
0.114469376212	2.148
0.114665645536	2.149
0.114862134829	2.15
0.115058844233	2.151
0.115255773893	2.152
0.115452923951	2.153
0.115650294551	2.154
0.115847885836	2.155
0.11604569795	2.156
0.116243731037	2.157
0.116441985239	2.158
0.1166404607	2.159
0.116839157565	2.16
0.117038075975	2.161
0.117237216075	2.162
0.117436578009	2.163
0.11763616192	2.164
0.117835967951	2.165
0.118035996247	2.166
0.11823624695	2.167
0.118436720205	2.168
0.118637416155	2.169
0.118838334944	2.17
0.119039476715	2.171
0.119240841613	2.172
0.11944242978	2.173
0.119644241361	2.174
0.1198462765	2.175
0.12004853534	2.176
0.120251018024	2.177
0.120453724698	2.178
0.120656655504	2.179
0.120859810587	2.18
0.12106319009	2.181
0.121266794157	2.182
0.121470622932	2.183
0.121674676559	2.184
0.121878955182	2.185
0.122083458945	2.186
0.122288187991	2.187
0.122493142465	2.188
0.122698322511	2.189
0.122903728272	2.19
0.123109359893	2.191
0.123315217518	2.192
0.12352130129	2.193
0.123727611353	2.194
0.123934147853	2.195
0.124140910932	2.196
0.124347900735	2.197
0.124555117407	2.198
0.12476256109	2.199
0.124970231929	2.2
0.125178130069	2.201
0.125386255653	2.202
0.125594608826	2.203
0.125803189732	2.204
0.126011998515	2.205
0.126221035319	2.206
0.126430300289	2.207
0.126639793568	2.208
0.126849515301	2.209
0.127059465633	2.21
0.127269644706	2.211
0.127480052667	2.212
0.127690689659	2.213
0.127901555826	2.214
0.128112651313	2.215
0.128323976263	2.216
0.128535530823	2.217
0.128747315135	2.218
0.128959329344	2.219
0.129171573594	2.22
0.129384048031	2.221
0.129596752798	2.222
0.129809688039	2.223
0.1300228539	2.224
0.130236250525	2.225
0.130449878057	2.226
0.130663736642	2.227
0.130877826425	2.228
0.131092147548	2.229
0.131306700158	2.23
0.131521484399	2.231
0.131736500415	2.232
0.13195174835	2.233
0.13216722835	2.234
0.132382940558	2.235
0.13259888512	2.236
0.13281506218	2.237
0.133031471883	2.238
0.133248114372	2.239
0.133464989794	2.24
0.133682098292	2.241
0.133899440011	2.242
0.134117015096	2.243
0.134334823692	2.244
0.134552865942	2.245
0.134771141993	2.246
0.134989651988	2.247
0.135208396072	2.248
0.13542737439	2.249
0.135646587087	2.25
0.135866034308	2.251
0.136085716196	2.252
0.136305632898	2.253
0.136525784557	2.254
0.136746171319	2.255
0.136966793329	2.256
0.13718765073	2.257
0.137408743669	2.258
0.137630072289	2.259
0.137851636736	2.26
0.138073437154	2.261
0.138295473689	2.262
0.138517746485	2.263
0.138740255687	2.264
0.13896300144	2.265
0.139185983889	2.266
0.139409203179	2.267
0.139632659454	2.268
0.13985635286	2.269
0.140080283542	2.27
0.140304451644	2.271
0.140528857311	2.272
0.140753500689	2.273
0.140978381923	2.274
0.141203501156	2.275
0.141428858535	2.276
0.141654454204	2.277
0.141880288309	2.278
0.142106360994	2.279
0.142332672404	2.28
0.142559222684	2.281
0.14278601198	2.282
0.143013040437	2.283
0.143240308199	2.284
0.143467815411	2.285
0.14369556222	2.286
0.143923548768	2.287
0.144151775203	2.288
0.144380241669	2.289
0.14460894831	2.29
0.144837895273	2.291
0.145067082702	2.292
0.145296510742	2.293
0.145526179539	2.294
0.145756089237	2.295
0.145986239982	2.296
0.146216631919	2.297
0.146447265192	2.298
0.146678139949	2.299
0.146909256332	2.3
0.147140614488	2.301
0.147372214562	2.302
0.147604056699	2.303
0.147836141044	2.304
0.148068467742	2.305
0.148301036939	2.306
0.148533848779	2.307
0.148766903409	2.308
0.149000200973	2.309
0.149233741616	2.31
0.149467525484	2.311
0.149701552722	2.312
0.149935823475	2.313
0.150170337889	2.314
0.150405096108	2.315
0.150640098278	2.316
0.150875344545	2.317
0.151110835053	2.318
0.151346569949	2.319
0.151582549376	2.32
0.151818773481	2.321
0.152055242408	2.322
0.152291956304	2.323
0.152528915313	2.324
0.152766119581	2.325
0.153003569253	2.326
0.153241264474	2.327
0.15347920539	2.328
0.153717392146	2.329
0.153955824887	2.33
0.154194503759	2.331
0.154433428907	2.332
0.154672600477	2.333
0.154912018614	2.334
0.155151683462	2.335
0.155391595169	2.336
0.155631753878	2.337
0.155872159736	2.338
0.156112812887	2.339
0.156353713477	2.34
0.156594861652	2.341
0.156836257557	2.342
0.157077901337	2.343
0.157319793138	2.344
0.157561933104	2.345
0.157804321383	2.346
0.158046958118	2.347
0.158289843455	2.348
0.158532977541	2.349
0.158776360519	2.35
0.159019992536	2.351
0.159263873737	2.352
0.159508004268	2.353
0.159752384274	2.354
0.159997013899	2.355
0.160241893291	2.356
0.160487022594	2.357
0.160732401953	2.358
0.160978031515	2.359
0.161223911424	2.36
0.161470041826	2.361
0.161716422867	2.362
0.161963054692	2.363
0.162209937446	2.364
0.162457071274	2.365
0.162704456324	2.366
0.162952092739	2.367
0.163199980665	2.368
0.163448120248	2.369
0.163696511633	2.37
0.163945154965	2.371
0.164194050391	2.372
0.164443198056	2.373
0.164692598104	2.374
0.164942250682	2.375
0.165192155935	2.376
0.165442314009	2.377
0.165692725048	2.378
0.165943389199	2.379
0.166194306607	2.38
0.166445477418	2.381
0.166696901776	2.382
0.166948579828	2.383
0.167200511719	2.384
0.167452697593	2.385
0.167705137598	2.386
0.167957831878	2.387
0.168210780579	2.388
0.168463983847	2.389
0.168717441826	2.39
0.168971154662	2.391
0.169225122501	2.392
0.169479345488	2.393
0.169733823769	2.394
0.169988557489	2.395
0.170243546794	2.396
0.170498791829	2.397
0.17075429274	2.398
0.171010049672	2.399
0.17126606277	2.4
0.171522332181	2.401
0.171778858049	2.402
0.17203564052	2.403
0.17229267974	2.404
0.172549975854	2.405
0.172807529007	2.406
0.173065339345	2.407
0.173323407013	2.408
0.173581732157	2.409
0.173840314923	2.41
0.174099155456	2.411
0.1743582539	2.412
0.174617610403	2.413
0.174877225109	2.414
0.175137098163	2.415
0.175397229711	2.416
0.175657619899	2.417
0.175918268872	2.418
0.176179176776	2.419
0.176440343755	2.42
0.176701769956	2.421
0.176963455524	2.422
0.177225400603	2.423
0.177487605341	2.424
0.177750069881	2.425
0.17801279437	2.426
0.178275778953	2.427
0.178539023776	2.428
0.178802528983	2.429
0.17906629472	2.43
0.179330321133	2.431
0.179594608367	2.432
0.179859156568	2.433
0.18012396588	2.434
0.18038903645	2.435
0.180654368422	2.436
0.180919961942	2.437
0.181185817156	2.438
0.181451934208	2.439
0.181718313245	2.44
0.181984954411	2.441
0.182251857852	2.442
0.182519023714	2.443
0.182786452141	2.444
0.183054143279	2.445
0.183322097273	2.446
0.183590314269	2.447
0.183858794413	2.448
0.184127537848	2.449
0.184396544721	2.45
0.184665815178	2.451
0.184935349363	2.452
0.185205147421	2.453
0.185475209498	2.454
0.18574553574	2.455
0.186016126292	2.456
0.186286981298	2.457
0.186558100904	2.458
0.186829485256	2.459
0.187101134499	2.46
0.187373048778	2.461
0.187645228238	2.462
0.187917673024	2.463
0.188190383283	2.464
0.188463359158	2.465
0.188736600796	2.466
0.189010108342	2.467
0.18928388194	2.468
0.189557921736	2.469
0.189832227875	2.47
0.190106800503	2.471
0.190381639764	2.472
0.190656745804	2.473
0.190932118769	2.474
0.191207758802	2.475
0.19148366605	2.476
0.191759840657	2.477
0.192036282769	2.478
0.192312992531	2.479
0.192589970087	2.48
0.192867215584	2.481
0.193144729166	2.482
0.193422510979	2.483
0.193700561167	2.484
0.193978879875	2.485
0.194257467249	2.486
0.194536323434	2.487
0.194815448575	2.488
0.195094842816	2.489
0.195374506304	2.49
0.195654439183	2.491
0.195934641598	2.492
0.196215113693	2.493
0.196495855615	2.494
0.196776867509	2.495
0.197058149518	2.496
0.197339701789	2.497
0.197621524465	2.498
0.197903617693	2.499
0.198185981617	2.5
0.198468616382	2.501
0.198751522133	2.502
0.199034699015	2.503
0.199318147174	2.504
0.199601866752	2.505
0.199885857897	2.506
0.200170120752	2.507
0.200454655463	2.508
0.200739462175	2.509
0.201024541032	2.51
0.201309892179	2.511
0.201595515761	2.512
0.201881411922	2.513
0.202167580809	2.514
0.202454022565	2.515
0.202740737336	2.516
0.203027725266	2.517
0.203314986499	2.518
0.203602521182	2.519
0.203890329458	2.52
0.204178411472	2.521
0.20446676737	2.522
0.204755397295	2.523
0.205044301392	2.524
0.205333479807	2.525
0.205622932684	2.526
0.205912660167	2.527
0.206202662401	2.528
0.206492939532	2.529
0.206783491703	2.53
0.207074319059	2.531
0.207365421745	2.532
0.207656799906	2.533
0.207948453685	2.534
0.208240383229	2.535
0.20853258868	2.536
0.208825070185	2.537
0.209117827887	2.538
0.20941086193	2.539
0.20970417246	2.54
0.209997759622	2.541
0.210291623558	2.542
0.210585764415	2.543
0.210880182336	2.544
0.211174877465	2.545
0.211469849949	2.546
0.21176509993	2.547
0.212060627553	2.548
0.212356432962	2.549
0.212652516303	2.55
0.212948877719	2.551
0.213245517355	2.552
0.213542435355	2.553
0.213839631864	2.554
0.214137107025	2.555
0.214434860983	2.556
0.214732893883	2.557
0.215031205868	2.558
0.215329797084	2.559
0.215628667673	2.56
0.215927817781	2.561
0.216227247551	2.562
0.216526957129	2.563
0.216826946657	2.564
0.217127216281	2.565
0.217427766143	2.566
0.21772859639	2.567
0.218029707164	2.568
0.21833109861	2.569
0.218632770872	2.57
0.218934724093	2.571
0.219236958419	2.572
0.219539473993	2.573
0.219842270959	2.574
0.220145349461	2.575
0.220448709643	2.576
0.220752351649	2.577
0.221056275624	2.578
0.22136048171	2.579
0.221664970053	2.58
0.221969740795	2.581
0.222274794081	2.582
0.222580130055	2.583
0.222885748861	2.584
0.223191650641	2.585
0.223497835542	2.586
0.223804303705	2.587
0.224111055275	2.588
0.224418090396	2.589
0.224725409211	2.59
0.225033011864	2.591
0.2253408985	2.592
0.225649069261	2.593
0.225957524291	2.594
0.226266263735	2.595
0.226575287735	2.596
0.226884596435	2.597
0.227194189979	2.598
0.227504068511	2.599
0.227814232174	2.6
0.228124681112	2.601
0.228435415468	2.602
0.228746435386	2.603
0.229057741009	2.604
0.229369332481	2.605
0.229681209945	2.606
0.229993373545	2.607
0.230305823424	2.608
0.230618559726	2.609
0.230931582594	2.61
0.231244892171	2.611
0.231558488601	2.612
0.231872372027	2.613
0.232186542592	2.614
0.23250100044	2.615
0.232815745714	2.616
0.233130778557	2.617
0.233446099113	2.618
0.233761707524	2.619
0.234077603934	2.62
0.234393788486	2.621
0.234710261324	2.622
0.23502702259	2.623
0.235344072427	2.624
0.235661410979	2.625
0.235979038389	2.626
0.236296954799	2.627
0.236615160353	2.628
0.236933655194	2.629
0.237252439465	2.63
0.237571513308	2.631
0.237890876867	2.632
0.238210530285	2.633
0.238530473704	2.634
0.238850707268	2.635
0.239171231119	2.636
0.2394920454	2.637
0.239813150253	2.638
0.240134545823	2.639
0.240456232251	2.64
0.24077820968	2.641
0.241100478253	2.642
0.241423038113	2.643
0.241745889402	2.644
0.242069032264	2.645
0.24239246684	2.646
0.242716193273	2.647
0.243040211706	2.648
0.243364522281	2.649
0.243689125142	2.65
0.24401402043	2.651
0.244339208287	2.652
0.244664688858	2.653
0.244990462283	2.654
0.245316528706	2.655
0.245642888268	2.656
0.245969541113	2.657
0.246296487382	2.658
0.246623727218	2.659
0.246951260763	2.66
0.24727908816	2.661
0.24760720955	2.662
0.247935625076	2.663
0.24826433488	2.664
0.248593339105	2.665
0.248922637892	2.666
0.249252231384	2.667
0.249582119722	2.668
0.24991230305	2.669
0.250242781508	2.67
0.250573555239	2.671
0.250904624385	2.672
0.251235989088	2.673
0.25156764949	2.674
0.251899605732	2.675
0.252231857958	2.676
0.252564406308	2.677
0.252897250924	2.678
0.253230391949	2.679
0.253563829524	2.68
0.253897563791	2.681
0.254231594891	2.682
0.254565922967	2.683
0.25490054816	2.684
0.255235470612	2.685
0.255570690464	2.686
0.255906207858	2.687
0.256242022936	2.688
0.256578135838	2.689
0.256914546708	2.69
0.257251255686	2.691
0.257588262913	2.692
0.257925568532	2.693
0.258263172683	2.694
0.258601075508	2.695
0.258939277149	2.696
0.259277777746	2.697
0.259616577442	2.698
0.259955676377	2.699
0.260295074692	2.7
0.260634772529	2.701
0.260974770029	2.702
0.261315067334	2.703
0.261655664584	2.704
0.26199656192	2.705
0.262337759484	2.706
0.262679257416	2.707
0.263021055859	2.708
0.263363154952	2.709
0.263705554836	2.71
0.264048255653	2.711
0.264391257544	2.712
0.264734560649	2.713
0.26507816511	2.714
0.265422071066	2.715
0.26576627866	2.716
0.266110788031	2.717
0.266455599321	2.718
0.26680071267	2.719
0.267146128218	2.72
0.267491846107	2.721
0.267837866478	2.722
0.268184189469	2.723
0.268530815224	2.724
0.268877743881	2.725
0.269224975581	2.726
0.269572510465	2.727
0.269920348673	2.728
0.270268490346	2.729
0.270616935623	2.73
0.270965684646	2.731
0.271314737555	2.732
0.271664094489	2.733
0.27201375559	2.734
0.272363720997	2.735
0.272713990851	2.736
0.273064565291	2.737
0.273415444458	2.738
0.273766628493	2.739
0.274118117534	2.74
0.274469911722	2.741
0.274822011197	2.742
0.275174416099	2.743
0.275527126568	2.744
0.275880142744	2.745
0.276233464767	2.746
0.276587092776	2.747
0.276941026911	2.748
0.277295267313	2.749
0.27764981412	2.75
0.278004667473	2.751
0.278359827511	2.752
0.278715294373	2.753
0.279071068201	2.754
0.279427149132	2.755
0.279783537307	2.756
0.280140232864	2.757
0.280497235944	2.758
0.280854546687	2.759
0.28121216523	2.76
0.281570091714	2.761
0.281928326278	2.762
0.282286869061	2.763
0.282645720203	2.764
0.283004879843	2.765
0.28336434812	2.766
0.283724125173	2.767
0.284084211141	2.768
0.284444606163	2.769
0.284805310379	2.77
0.285166323927	2.771
0.285527646947	2.772
0.285889279577	2.773
0.286251221956	2.774
0.286613474224	2.775
0.286976036518	2.776
0.287338908978	2.777
0.287702091743	2.778
0.288065584951	2.779
0.28842938874	2.78
0.288793503251	2.781
0.289157928621	2.782
0.289522664988	2.783
0.289887712492	2.784
0.290253071271	2.785
0.290618741463	2.786
0.290984723207	2.787
0.291351016642	2.788
0.291717621904	2.789
0.292084539134	2.79
0.292451768469	2.791
0.292819310048	2.792
0.293187164008	2.793
0.293555330488	2.794
0.293923809626	2.795
0.29429260156	2.796
0.294661706428	2.797
0.295031124368	2.798
0.295400855519	2.799
0.295770900018	2.8
0.296141258003	2.801
0.296511929612	2.802
0.296882914982	2.803
0.297254214252	2.804
0.29762582756	2.805
0.297997755042	2.806
0.298369996838	2.807
0.298742553083	2.808
0.299115423917	2.809
0.299488609476	2.81
0.299862109898	2.811
0.300235925321	2.812
0.300610055882	2.813
0.300984501718	2.814
0.301359262968	2.815
0.301734339767	2.816
0.302109732253	2.817
0.302485440565	2.818
0.302861464838	2.819
0.30323780521	2.82
0.303614461819	2.821
0.3039914348	2.822
0.304368724292	2.823
0.304746330431	2.824
0.305124253355	2.825
0.3055024932	2.826
0.305881050103	2.827
0.3062599242	2.828
0.30663911563	2.829
0.307018624528	2.83
0.307398451031	2.831
0.307778595276	2.832
0.3081590574	2.833
0.308539837539	2.834
0.308920935829	2.835
0.309302352408	2.836
0.309684087411	2.837
0.310066140976	2.838
0.310448513238	2.839
0.310831204334	2.84
0.3112142144	2.841
0.311597543572	2.842
0.311981191987	2.843
0.312365159781	2.844
0.312749447089	2.845
0.313134054049	2.846
0.313518980795	2.847
0.313904227465	2.848
0.314289794194	2.849
0.314675681118	2.85
0.315061888372	2.851
0.315448416093	2.852
0.315835264417	2.853
0.316222433478	2.854
0.316609923414	2.855
0.316997734359	2.856
0.317385866449	2.857
0.31777431982	2.858
0.318163094607	2.859
0.318552190945	2.86
0.318941608971	2.861
0.31933134882	2.862
0.319721410626	2.863
0.320111794525	2.864
0.320502500653	2.865
0.320893529144	2.866
0.321284880135	2.867
0.321676553759	2.868
0.322068550152	2.869
0.322460869449	2.87
0.322853511785	2.871
0.323246477295	2.872
0.323639766113	2.873
0.324033378376	2.874
0.324427314217	2.875
0.324821573771	2.876
0.325216157173	2.877
0.325611064558	2.878
0.32600629606	2.879
0.326401851813	2.88
0.326797731953	2.881
0.327193936614	2.882
0.32759046593	2.883
0.327987320036	2.884
0.328384499065	2.885
0.328782003153	2.886
0.329179832433	2.887
0.32957798704	2.888
0.329976467108	2.889
0.33037527277	2.89
0.330774404162	2.891
0.331173861416	2.892
0.331573644668	2.893
0.33197375405	2.894
0.332374189697	2.895
0.332774951743	2.896
0.333176040321	2.897
0.333577455564	2.898
0.333979197608	2.899
0.334381266585	2.9
0.334783662628	2.901
0.335186385872	2.902
0.33558943645	2.903
0.335992814495	2.904
0.336396520141	2.905
0.336800553521	2.906
0.337204914768	2.907
0.337609604016	2.908
0.338014621397	2.909
0.338419967045	2.91
0.338825641093	2.911
0.339231643674	2.912
0.339637974921	2.913
0.340044634966	2.914
0.340451623944	2.915
0.340858941986	2.916
0.341266589225	2.917
0.341674565794	2.918
0.342082871826	2.919
0.342491507454	2.92
0.342900472809	2.921
0.343309768025	2.922
0.343719393234	2.923
0.344129348568	2.924
0.34453963416	2.925
0.344950250142	2.926
0.345361196646	2.927
0.345772473805	2.928
0.346184081751	2.929
0.346596020616	2.93
0.347008290531	2.931
0.34742089163	2.932
0.347833824043	2.933
0.348247087903	2.934
0.348660683342	2.935
0.349074610492	2.936
0.349488869483	2.937
0.349903460449	2.938
0.35031838352	2.939
0.350733638829	2.94
0.351149226506	2.941
0.351565146683	2.942
0.351981399492	2.943
0.352397985064	2.944
0.352814903531	2.945
0.353232155023	2.946
0.353649739672	2.947
0.354067657609	2.948
0.354485908965	2.949
0.354904493872	2.95
0.35532341246	2.951
0.35574266486	2.952
0.356162251203	2.953
0.35658217162	2.954
0.357002426242	2.955
0.357423015199	2.956
0.357843938623	2.957
0.358265196643	2.958
0.358686789391	2.959
0.359108716996	2.96
0.35953097959	2.961
0.359953577303	2.962
0.360376510265	2.963
0.360799778607	2.964
0.361223382458	2.965
0.361647321949	2.966
0.36207159721	2.967
0.362496208372	2.968
0.362921155563	2.969
0.363346438914	2.97
0.363772058556	2.971
0.364198014617	2.972
0.364624307228	2.973
0.365050936519	2.974
0.365477902618	2.975
0.365905205657	2.976
0.366332845764	2.977
0.366760823068	2.978
0.3671891377	2.979
0.367617789788	2.98
0.368046779463	2.981
0.368476106853	2.982
0.368905772087	2.983
0.369335775296	2.984
0.369766116607	2.985
0.37019679615	2.986
0.370627814054	2.987
0.371059170448	2.988
0.371490865461	2.989
0.371922899221	2.99
0.372355271858	2.991
0.372787983499	2.992
0.373221034275	2.993
0.373654424313	2.994
0.374088153742	2.995
0.37452222269	2.996
0.374956631286	2.997
0.375391379658	2.998
0.375826467935	2.999
0.376261896244	3.0
0.376697664715	3.001
0.377133773474	3.002
0.37757022265	3.003
0.378007012372	3.004
0.378444142766	3.005
0.378881613962	3.006
0.379319426086	3.007
0.379757579267	3.008
0.380196073632	3.009
0.380634909309	3.01
0.381074086426	3.011
0.38151360511	3.012
0.381953465488	3.013
0.382393667688	3.014
0.382834211837	3.015
0.383275098063	3.016
0.383716326493	3.017
0.384157897254	3.018
0.384599810473	3.019
0.385042066277	3.02
0.385484664793	3.021
0.385927606148	3.022
0.386370890468	3.023
0.386814517882	3.024
0.387258488515	3.025
0.387702802494	3.026
0.388147459946	3.027
0.388592460997	3.028
0.389037805774	3.029
0.389483494403	3.03
0.389929527011	3.031
0.390375903723	3.032
0.390822624667	3.033
0.391269689968	3.034
0.391717099752	3.035
0.392164854146	3.036
0.392612953275	3.037
0.393061397266	3.038
0.393510186244	3.039
0.393959320335	3.04
0.394408799664	3.041
0.394858624359	3.042
0.395308794543	3.043
0.395759310343	3.044
0.396210171884	3.045
0.396661379292	3.046
0.397112932691	3.047
0.397564832208	3.048
0.398017077967	3.049
0.398469670094	3.05
0.398922608713	3.051
0.39937589395	3.052
0.39982952593	3.053
0.400283504778	3.054
0.400737830618	3.055
0.401192503575	3.056
0.401647523774	3.057
0.40210289134	3.058
0.402558606397	3.059
0.40301466907	3.06
0.403471079482	3.061
0.40392783776	3.062
0.404384944026	3.063
0.404842398405	3.064
0.405300201022	3.065
0.405758352	3.066
0.406216851464	3.067
0.406675699537	3.068
0.407134896344	3.069
0.407594442007	3.07
0.408054336652	3.071
0.408514580402	3.072
0.40897517338	3.073
0.40943611571	3.074
0.409897407516	3.075
0.410359048921	3.076
0.410821040048	3.077
0.411283381022	3.078
0.411746071964	3.079
0.412209112998	3.08
0.412672504248	3.081
0.413136245836	3.082
0.413600337885	3.083
0.414064780519	3.084
0.41452957386	3.085
0.414994718031	3.086
0.415460213155	3.087
0.415926059354	3.088
0.416392256751	3.089
0.416858805468	3.09
0.417325705628	3.091
0.417792957353	3.092
0.418260560766	3.093
0.418728515989	3.094
0.419196823144	3.095
0.419665482353	3.096
0.420134493738	3.097
0.420603857421	3.098
0.421073573523	3.099
0.421543642168	3.1
0.422014063476	3.101
0.42248483757	3.102
0.42295596457	3.103
0.423427444599	3.104
0.423899277777	3.105
0.424371464227	3.106
0.424844004069	3.107
0.425316897425	3.108
0.425790144417	3.109
0.426263745164	3.11
0.426737699789	3.111
0.427212008412	3.112
0.427686671154	3.113
0.428161688136	3.114
0.428637059478	3.115
0.429112785303	3.116
0.429588865729	3.117
0.430065300878	3.118
0.43054209087	3.119
0.431019235825	3.12
0.431496735865	3.121
0.431974591108	3.122
0.432452801676	3.123
0.432931367689	3.124
0.433410289266	3.125
0.433889566527	3.126
0.434369199593	3.127
0.434849188583	3.128
0.435329533617	3.129
0.435810234815	3.13
0.436291292296	3.131
0.43677270618	3.132
0.437254476587	3.133
0.437736603635	3.134
0.438219087445	3.135
0.438701928135	3.136
0.439185125824	3.137
0.439668680632	3.138
0.440152592678	3.139
0.44063686208	3.14
0.441121488958	3.141
0.44160647343	3.142
0.442091815616	3.143
0.442577515633	3.144
0.4430635736	3.145
0.443549989637	3.146
0.444036763861	3.147
0.44452389639	3.148
0.445011387344	3.149
0.445499236839	3.15
0.445987444995	3.151
0.44647601193	3.152
0.446964937761	3.153
0.447454222607	3.154
0.447943866584	3.155
0.448433869812	3.156
0.448924232407	3.157
0.449414954488	3.158
0.449906036171	3.159
0.450397477575	3.16
0.450889278817	3.161
0.451381440014	3.162
0.451873961283	3.163
0.452366842741	3.164
0.452860084506	3.165
0.453353686695	3.166
0.453847649424	3.167
0.45434197281	3.168
0.454836656971	3.169
0.455331702023	3.17
0.455827108082	3.171
0.456322875265	3.172
0.456819003689	3.173
0.457315493469	3.174
0.457812344723	3.175
0.458309557567	3.176
0.458807132116	3.177
0.459305068487	3.178
0.459803366796	3.179
0.460302027158	3.18
0.46080104969	3.181
0.461300434508	3.182
0.461800181726	3.183
0.462300291462	3.184
0.462800763829	3.185
0.463301598944	3.186
0.463802796923	3.187
0.46430435788	3.188
0.46480628193	3.189
0.46530856919	3.19
0.465811219773	3.191
0.466314233796	3.192
0.466817611372	3.193
0.467321352617	3.194
0.467825457645	3.195
0.468329926571	3.196
0.46883475951	3.197
0.469339956577	3.198
0.469845517885	3.199
0.470351443549	3.2
0.470857733683	3.201
0.471364388402	3.202
0.47187140782	3.203
0.472378792051	3.204
0.472886541208	3.205
0.473394655405	3.206
0.473903134758	3.207
0.474411979378	3.208
0.47492118938	3.209
0.475430764877	3.21
0.475940705983	3.211
0.476451012811	3.212
0.476961685475	3.213
0.477472724087	3.214
0.477984128762	3.215
0.478495899611	3.216
0.479008036749	3.217
0.479520540287	3.218
0.480033410339	3.219
0.480546647017	3.22
0.481060250435	3.221
0.481574220704	3.222
0.482088557938	3.223
0.482603262248	3.224
0.483118333748	3.225
0.483633772548	3.226
0.484149578762	3.227
0.484665752502	3.228
0.485182293879	3.229
0.485699203005	3.23
0.486216479993	3.231
0.486734124954	3.232
0.487252138	3.233
0.487770519242	3.234
0.488289268792	3.235
0.488808386761	3.236
0.489327873261	3.237
0.489847728403	3.238
0.490367952298	3.239
0.490888545057	3.24
0.491409506791	3.241
0.491930837612	3.242
0.492452537629	3.243
0.492974606955	3.244
0.493497045698	3.245
0.494019853971	3.246
0.494543031883	3.247
0.495066579545	3.248
0.495590497067	3.249
0.49611478456	3.25
0.496639442134	3.251
0.497164469898	3.252
0.497689867963	3.253
0.498215636439	3.254
0.498741775436	3.255
0.499268285062	3.256
0.499795165429	3.257
0.500322416645	3.258
0.50085003882	3.259
0.501378032064	3.26
0.501906396485	3.261
0.502435132193	3.262
0.502964239297	3.263
0.503493717907	3.264
0.50402356813	3.265
0.504553790077	3.266
0.505084383855	3.267
0.505615349574	3.268
0.506146687342	3.269
0.506678397268	3.27
0.50721047946	3.271
0.507742934027	3.272
0.508275761076	3.273
0.508808960716	3.274
0.509342533055	3.275
0.509876478202	3.276
0.510410796263	3.277
0.510945487348	3.278
0.511480551563	3.279
0.512015989016	3.28
0.512551799815	3.281
0.513087984068	3.282
0.513624541881	3.283
0.514161473363	3.284
0.51469877862	3.285
0.515236457759	3.286
0.515774510888	3.287
0.516312938113	3.288
0.516851739542	3.289
0.517390915281	3.29
0.517930465437	3.291
0.518470390116	3.292
0.519010689426	3.293
0.519551363471	3.294
0.52009241236	3.295
0.520633836197	3.296
0.52117563509	3.297
0.521717809144	3.298
0.522260358466	3.299
0.52280328316	3.3
0.523346583333	3.301
0.523890259091	3.302
0.52443431054	3.303
0.524978737784	3.304
0.525523540929	3.305
0.526068720082	3.306
0.526614275346	3.307
0.527160206827	3.308
0.52770651463	3.309
0.528253198861	3.31
0.528800259623	3.311
0.529347697023	3.312
0.529895511164	3.313
0.530443702151	3.314
0.53099227009	3.315
0.531541215083	3.316
0.532090537236	3.317
0.532640236653	3.318
0.533190313438	3.319
0.533740767695	3.32
0.534291599528	3.321
0.534842809041	3.322
0.535394396339	3.323
0.535946361523	3.324
0.536498704699	3.325
0.53705142597	3.326
0.537604525438	3.327
0.538158003209	3.328
0.538711859384	3.329
0.539266094067	3.33
0.539820707361	3.331
0.540375699369	3.332
0.540931070194	3.333
0.541486819938	3.334
0.542042948705	3.335
0.542599456597	3.336
0.543156343717	3.337
0.543713610166	3.338
0.544271256048	3.339
0.544829281464	3.34
0.545387686517	3.341
0.545946471309	3.342
0.546505635941	3.343
0.547065180516	3.344
0.547625105135	3.345
0.5481854099	3.346
0.548746094912	3.347
0.549307160274	3.348
0.549868606086	3.349
0.55043043245	3.35
0.550992639466	3.351
0.551555227237	3.352
0.552118195863	3.353
0.552681545444	3.354
0.553245276083	3.355
0.553809387879	3.356
0.554373880933	3.357
0.554938755346	3.358
0.555504011218	3.359
0.556069648649	3.36
0.55663566774	3.361
0.557202068592	3.362
0.557768851303	3.363
0.558336015974	3.364
0.558903562705	3.365
0.559471491595	3.366
0.560039802745	3.367
0.560608496254	3.368
0.561177572221	3.369
0.561747030745	3.37
0.562316871927	3.371
0.562887095865	3.372
0.563457702658	3.373
0.564028692406	3.374
0.564600065207	3.375
0.56517182116	3.376
0.565743960364	3.377
0.566316482917	3.378
0.566889388918	3.379
0.567462678466	3.38
0.568036351658	3.381
0.568610408593	3.382
0.569184849369	3.383
0.569759674085	3.384
0.570334882837	3.385
0.570910475724	3.386
0.571486452844	3.387
0.572062814294	3.388
0.572639560172	3.389
0.573216690576	3.39
0.573794205602	3.391
0.574372105347	3.392
0.57495038991	3.393
0.575529059387	3.394
0.576108113875	3.395
0.576687553471	3.396
0.577267378271	3.397
0.577847588373	3.398
0.578428183873	3.399
0.579009164867	3.4
0.579590531452	3.401
0.580172283724	3.402
0.580754421779	3.403
0.581336945714	3.404
0.581919855623	3.405
0.582503151604	3.406
0.583086833752	3.407
0.583670902162	3.408
0.58425535693	3.409
0.584840198152	3.41
0.585425425923	3.411
0.586011040338	3.412
0.586597041492	3.413
0.587183429481	3.414
0.587770204399	3.415
0.588357366342	3.416
0.588944915404	3.417
0.589532851679	3.418
0.590121175263	3.419
0.59070988625	3.42
0.591298984734	3.421
0.591888470809	3.422
0.59247834457	3.423
0.593068606111	3.424
0.593659255525	3.425
0.594250292907	3.426
0.59484171835	3.427
0.595433531948	3.428
0.596025733794	3.429
0.596618323983	3.43
0.597211302606	3.431
0.597804669759	3.432
0.598398425533	3.433
0.598992570022	3.434
0.599587103318	3.435
0.600182025515	3.436
0.600777336706	3.437
0.601373036982	3.438
0.601969126437	3.439
0.602565605163	3.44
0.603162473252	3.441
0.603759730797	3.442
0.604357377889	3.443
0.604955414621	3.444
0.605553841085	3.445
0.606152657372	3.446
0.606751863574	3.447
0.607351459783	3.448
0.60795144609	3.449
0.608551822587	3.45
0.609152589365	3.451
0.609753746515	3.452
0.610355294128	3.453
0.610957232296	3.454
0.611559561108	3.455
0.612162280657	3.456
0.612765391033	3.457
0.613368892325	3.458
0.613972784626	3.459
0.614577068024	3.46
0.615181742611	3.461
0.615786808476	3.462
0.61639226571	3.463
0.616998114403	3.464
0.617604354644	3.465
0.618210986523	3.466
0.618818010129	3.467
0.619425425553	3.468
0.620033232884	3.469
0.620641432211	3.47
0.621250023623	3.471
0.62185900721	3.472
0.62246838306	3.473
0.623078151262	3.474
0.623688311905	3.475
0.624298865079	3.476
0.62490981087	3.477
0.625521149369	3.478
0.626132880663	3.479
0.62674500484	3.48
0.627357521989	3.481
0.627970432198	3.482
0.628583735555	3.483
0.629197432147	3.484
0.629811522062	3.485
0.630426005389	3.486
0.631040882214	3.487
0.631656152625	3.488
0.632271816709	3.489
0.632887874553	3.49
0.633504326245	3.491
0.634121171872	3.492
0.63473841152	3.493
0.635356045276	3.494
0.635974073227	3.495
0.63659249546	3.496
0.63721131206	3.497
0.637830523115	3.498
0.63845012871	3.499
0.639070128932	3.5
0.639690523867	3.501
0.6403113136	3.502
0.640932498217	3.503
0.641554077805	3.504
0.642176052448	3.505
0.642798422233	3.506
0.643421187244	3.507
0.644044347568	3.508
0.644667903288	3.509
0.64529185449	3.51
0.64591620126	3.511
0.646540943681	3.512
0.647166081839	3.513
0.647791615818	3.514
0.648417545703	3.515
0.649043871578	3.516
0.649670593528	3.517
0.650297711636	3.518
0.650925225987	3.519
0.651553136665	3.52
0.652181443754	3.521
0.652810147337	3.522
0.653439247497	3.523
0.65406874432	3.524
0.654698637887	3.525
0.655328928283	3.526
0.65595961559	3.527
0.656590699892	3.528
0.657222181271	3.529
0.657854059811	3.53
0.658486335594	3.531
0.659119008703	3.532
0.65975207922	3.533
0.660385547228	3.534
0.661019412809	3.535
0.661653676046	3.536
0.66228833702	3.537
0.662923395814	3.538
0.663558852509	3.539
0.664194707188	3.54
0.664830959931	3.541
0.66546761082	3.542
0.666104659938	3.543
0.666742107364	3.544
0.667379953181	3.545
0.66801819747	3.546
0.668656840311	3.547
0.669295881785	3.548
0.669935321973	3.549
0.670575160957	3.55
0.671215398815	3.551
0.67185603563	3.552
0.67249707148	3.553
0.673138506447	3.554
0.673780340611	3.555
0.674422574051	3.556
0.675065206847	3.557
0.675708239079	3.558
0.676351670827	3.559
0.676995502171	3.56
0.677639733189	3.561
0.678284363961	3.562
0.678929394567	3.563
0.679574825084	3.564
0.680220655594	3.565
0.680866886173	3.566
0.681513516902	3.567
0.682160547858	3.568
0.68280797912	3.569
0.683455810767	3.57
0.684104042877	3.571
0.684752675527	3.572
0.685401708797	3.573
0.686051142764	3.574
0.686700977507	3.575
0.687351213101	3.576
0.688001849627	3.577
0.68865288716	3.578
0.689304325778	3.579
0.689956165559	3.58
0.690608406579	3.581
0.691261048917	3.582
0.691914092648	3.583
0.69256753785	3.584
0.693221384598	3.585
0.693875632971	3.586
0.694530283044	3.587
0.695185334894	3.588
0.695840788597	3.589
0.696496644229	3.59
0.697152901867	3.591
0.697809561585	3.592
0.69846662346	3.593
0.699124087568	3.594
0.699781953984	3.595
0.700440222784	3.596
0.701098894043	3.597
0.701757967835	3.598
0.702417444237	3.599
0.703077323324	3.6
0.703737605169	3.601
0.704398289849	3.602
0.705059377437	3.603
0.705720868008	3.604
0.706382761637	3.605
0.707045058398	3.606
0.707707758364	3.607
0.708370861611	3.608
0.709034368212	3.609
0.709698278241	3.61
0.710362591771	3.611
0.711027308877	3.612
0.711692429631	3.613
0.712357954108	3.614
0.71302388238	3.615
0.713690214521	3.616
0.714356950603	3.617
0.715024090699	3.618
0.715691634883	3.619
0.716359583227	3.62
0.717027935803	3.621
0.717696692685	3.622
0.718365853943	3.623
0.719035419651	3.624
0.719705389881	3.625
0.720375764705	3.626
0.721046544193	3.627
0.721717728419	3.628
0.722389317454	3.629
0.723061311369	3.63
0.723733710236	3.631
0.724406514126	3.632
0.72507972311	3.633
0.725753337259	3.634
0.726427356645	3.635
0.727101781337	3.636
0.727776611407	3.637
0.728451846925	3.638
0.729127487962	3.639
0.729803534587	3.64
0.730479986872	3.641
0.731156844886	3.642
0.7318341087	3.643
0.732511778382	3.644
0.733189854004	3.645
0.733868335634	3.646
0.734547223342	3.647
0.735226517197	3.648
0.73590621727	3.649
0.736586323628	3.65
0.73726683634	3.651
0.737947755477	3.652
0.738629081106	3.653
0.739310813296	3.654
0.739992952117	3.655
0.740675497635	3.656
0.74135844992	3.657
0.74204180904	3.658
0.742725575063	3.659
0.743409748056	3.66
0.744094328088	3.661
0.744779315227	3.662
0.745464709539	3.663
0.746150511093	3.664
0.746836719956	3.665
0.747523336195	3.666
0.748210359877	3.667
0.748897791069	3.668
0.749585629839	3.669
0.750273876252	3.67
0.750962530376	3.671
0.751651592277	3.672
0.752341062021	3.673
0.753030939675	3.674
0.753721225305	3.675
0.754411918977	3.676
0.755103020757	3.677
0.75579453071	3.678
0.756486448903	3.679
0.757178775401	3.68
0.757871510269	3.681
0.758564653573	3.682
0.759258205377	3.683
0.759952165748	3.684
0.76064653475	3.685
0.761341312447	3.686
0.762036498905	3.687
0.762732094188	3.688
0.763428098361	3.689
0.764124511488	3.69
0.764821333633	3.691
0.76551856486	3.692
0.766216205233	3.693
0.766914254817	3.694
0.767612713674	3.695
0.768311581869	3.696
0.769010859465	3.697
0.769710546526	3.698
0.770410643114	3.699
0.771111149293	3.7
0.771812065126	3.701
0.772513390676	3.702
0.773215126005	3.703
0.773917271176	3.704
0.774619826253	3.705
0.775322791296	3.706
0.776026166368	3.707
0.776729951533	3.708
0.777434146851	3.709
0.778138752384	3.71
0.778843768195	3.711
0.779549194345	3.712
0.780255030895	3.713
0.780961277908	3.714
0.781667935443	3.715
0.782375003564	3.716
0.78308248233	3.717
0.783790371802	3.718
0.784498672042	3.719
0.785207383109	3.72
0.785916505066	3.721
0.786626037971	3.722
0.787335981886	3.723
0.78804633687	3.724
0.788757102985	3.725
0.789468280288	3.726
0.790179868841	3.727
0.790891868704	3.728
0.791604279935	3.729
0.792317102594	3.73
0.793030336741	3.731
0.793743982435	3.732
0.794458039734	3.733
0.795172508699	3.734
0.795887389387	3.735
0.796602681857	3.736
0.797318386169	3.737
0.79803450238	3.738
0.798751030548	3.739
0.799467970733	3.74
0.800185322992	3.741
0.800903087383	3.742
0.801621263965	3.743
0.802339852793	3.744
0.803058853928	3.745
0.803778267425	3.746
0.804498093342	3.747
0.805218331736	3.748
0.805938982665	3.749
0.806660046186	3.75
0.807381522355	3.751
0.808103411229	3.752
0.808825712865	3.753
0.809548427318	3.754
0.810271554647	3.755
0.810995094906	3.756
0.811719048152	3.757
0.812443414441	3.758
0.813168193828	3.759
0.813893386371	3.76
0.814618992123	3.761
0.81534501114	3.762
0.816071443479	3.763
0.816798289194	3.764
0.81752554834	3.765
0.818253220972	3.766
0.818981307145	3.767
0.819709806915	3.768
0.820438720334	3.769
0.821168047459	3.77
0.821897788343	3.771
0.82262794304	3.772
0.823358511605	3.773
0.824089494091	3.774
0.824820890553	3.775
0.825552701044	3.776
0.826284925618	3.777
0.827017564329	3.778
0.827750617228	3.779
0.828484084371	3.78
0.829217965809	3.781
0.829952261597	3.782
0.830686971786	3.783
0.831422096429	3.784
0.83215763558	3.785
0.83289358929	3.786
0.833629957612	3.787
0.834366740598	3.788
0.8351039383	3.789
0.83584155077	3.79
0.83657957806	3.791
0.837318020222	3.792
0.838056877307	3.793
0.838796149366	3.794
0.839535836452	3.795
0.840275938615	3.796
0.841016455906	3.797
0.841757388376	3.798
0.842498736076	3.799
0.843240499057	3.8
0.84398267737	3.801
0.844725271064	3.802
0.84546828019	3.803
0.846211704798	3.804
0.846955544938	3.805
0.847699800661	3.806
0.848444472016	3.807
0.849189559052	3.808
0.84993506182	3.809
0.850680980368	3.81
0.851427314746	3.811
0.852174065003	3.812
0.852921231189	3.813
0.853668813351	3.814
0.854416811539	3.815
0.855165225802	3.816
0.855914056187	3.817
0.856663302744	3.818
0.857412965521	3.819
0.858163044566	3.82
0.858913539926	3.821
0.85966445165	3.822
0.860415779785	3.823
0.861167524379	3.824
0.86191968548	3.825
0.862672263135	3.826
0.863425257392	3.827
0.864178668296	3.828
0.864932495896	3.829
0.865686740238	3.83
0.866441401368	3.831
0.867196479335	3.832
0.867951974183	3.833
0.868707885959	3.834
0.86946421471	3.835
0.870220960482	3.836
0.87097812332	3.837
0.87173570327	3.838
0.872493700379	3.839
0.873252114691	3.84
0.874010946253	3.841
0.874770195109	3.842
0.875529861304	3.843
0.876289944884	3.844
0.877050445894	3.845
0.877811364378	3.846
0.878572700381	3.847
0.879334453948	3.848
0.880096625122	3.849
0.88085921395	3.85
0.881622220473	3.851
0.882385644737	3.852
0.883149486785	3.853
0.883913746662	3.854
0.88467842441	3.855
0.885443520074	3.856
0.886209033696	3.857
0.88697496532	3.858
0.887741314989	3.859
0.888508082746	3.86
0.889275268634	3.861
0.890042872696	3.862
0.890810894974	3.863
0.89157933551	3.864
0.892348194348	3.865
0.893117471528	3.866
0.893887167094	3.867
0.894657281088	3.868
0.89542781355	3.869
0.896198764523	3.87
0.896970134048	3.871
0.897741922168	3.872
0.898514128922	3.873
0.899286754352	3.874
0.9000597985	3.875
0.900833261406	3.876
0.901607143111	3.877
0.902381443655	3.878
0.903156163079	3.879
0.903931301424	3.88
0.90470685873	3.881
0.905482835037	3.882
0.906259230385	3.883
0.907036044813	3.884
0.907813278362	3.885
0.908590931071	3.886
0.909369002979	3.887
0.910147494127	3.888
0.910926404552	3.889
0.911705734295	3.89
0.912485483394	3.891
0.913265651888	3.892
0.914046239816	3.893
0.914827247216	3.894
0.915608674127	3.895
0.916390520586	3.896
0.917172786633	3.897
0.917955472305	3.898
0.91873857764	3.899
0.919522102676	3.9
0.920306047451	3.901
0.921090412001	3.902
0.921875196365	3.903
0.92266040058	3.904
0.923446024682	3.905
0.924232068709	3.906
0.925018532698	3.907
0.925805416685	3.908
0.926592720707	3.909
0.927380444801	3.91
0.928168589002	3.911
0.928957153347	3.912
0.929746137873	3.913
0.930535542614	3.914
0.931325367607	3.915
0.932115612887	3.916
0.932906278491	3.917
0.933697364453	3.918
0.934488870808	3.919
0.935280797593	3.92
0.936073144841	3.921
0.936865912588	3.922
0.937659100868	3.923
0.938452709717	3.924
0.939246739168	3.925
0.940041189256	3.926
0.940836060016	3.927
0.94163135148	3.928
0.942427063684	3.929
0.943223196661	3.93
0.944019750445	3.931
0.944816725069	3.932
0.945614120567	3.933
0.946411936972	3.934
0.947210174318	3.935
0.948008832636	3.936
0.948807911961	3.937
0.949607412325	3.938
0.950407333761	3.939
0.9512076763	3.94
0.952008439977	3.941
0.952809624821	3.942
0.953611230867	3.943
0.954413258146	3.944
0.95521570669	3.945
0.95601857653	3.946
0.956821867698	3.947
0.957625580225	3.948
0.958429714143	3.949
0.959234269484	3.95
0.960039246277	3.951
0.960844644554	3.952
0.961650464346	3.953
0.962456705684	3.954
0.963263368598	3.955
0.964070453117	3.956
0.964877959274	3.957
0.965685887097	3.958
0.966494236617	3.959
0.967303007864	3.96
0.968112200867	3.961
0.968921815656	3.962
0.96973185226	3.963
0.970542310709	3.964
0.971353191032	3.965
0.972164493258	3.966
0.972976217416	3.967
0.973788363534	3.968
0.974600931643	3.969
0.975413921769	3.97
0.976227333941	3.971
0.977041168188	3.972
0.977855424538	3.973
0.978670103018	3.974
0.979485203658	3.975
0.980300726483	3.976
0.981116671523	3.977
0.981933038804	3.978
0.982749828354	3.979
0.9835670402	3.98
0.984384674368	3.981
0.985202730887	3.982
0.986021209783	3.983
0.986840111083	3.984
0.987659434812	3.985
0.988479180998	3.986
0.989299349666	3.987
0.990119940844	3.988
0.990940954556	3.989
0.991762390829	3.99
0.992584249689	3.991
0.993406531161	3.992
0.99422923527	3.993
0.995052362042	3.994
0.995875911503	3.995
0.996699883676	3.996
0.997524278588	3.997
0.998349096263	3.998
0.999174336725	3.999
