0.0	4.0
0.000283810211116	4.001
0.000567721872344	4.002
0.000851734970071	4.003
0.00113584949064	4.004
0.00142006542034	4.005
0.00170438274542	4.006
0.00198880145209	4.007
0.0022733215265	4.008
0.00255794295477	4.009
0.00284266572295	4.01
0.00312748981708	4.011
0.00341241522311	4.012
0.00369744192699	4.013
0.00398256991458	4.014
0.00426779917174	4.015
0.00455312968424	4.016
0.00483856143783	4.017
0.0051240944182	4.018
0.00540972861102	4.019
0.00569546400189	4.02
0.00598130057636	4.021
0.00626723831996	4.022
0.00655327721814	4.023
0.00683941725634	4.024
0.00712565841992	4.025
0.00741200069422	4.026
0.00769844406453	4.027
0.00798498851608	4.028
0.00827163403406	4.029
0.00855838060362	4.03
0.00884522820986	4.031
0.00913217683784	4.032
0.00941922647256	4.033
0.00970637709899	4.034
0.00999362870205	4.035
0.0102809812666	4.036
0.0105684347775	4.037
0.0108559892194	4.038
0.0111436445772	4.039
0.0114314008355	4.04
0.011719257979	4.041
0.0120072159922	4.042
0.0122952748597	4.043
0.0125834345661	4.044
0.0128716950956	4.045
0.0131600564329	4.046
0.0134485185622	4.047
0.0137370814678	4.048
0.0140257451341	4.049
0.0143145095452	4.05
0.0146033746853	4.051
0.0148923405386	4.052
0.0151814070892	4.053
0.0154705743211	4.054
0.0157598422182	4.055
0.0160492107646	4.056
0.0163386799442	4.057
0.0166282497407	4.058
0.0169179201381	4.059
0.01720769112	4.06
0.0174975626702	4.061
0.0177875347725	4.062
0.0180776074103	4.063
0.0183677805673	4.064
0.018658054227	4.065
0.0189484283729	4.066
0.0192389029885	4.067
0.0195294780571	4.068
0.0198201535622	4.069
0.0201109294869	4.07
0.0204018058146	4.071
0.0206927825284	4.072
0.0209838596117	4.073
0.0212750370473	4.074
0.0215663148186	4.075
0.0218576929083	4.076
0.0221491712997	4.077
0.0224407499755	4.078
0.0227324289187	4.079
0.0230242081121	4.08
0.0233160875385	4.081
0.0236080671807	4.082
0.0239001470214	4.083
0.0241923270432	4.084
0.0244846072287	4.085
0.0247769875606	4.086
0.0250694680213	4.087
0.0253620485933	4.088
0.0256547292591	4.089
0.0259475100009	4.09
0.0262403908013	4.091
0.0265333716424	4.092
0.0268264525065	4.093
0.0271196333757	4.094
0.0274129142324	4.095
0.0277062950584	4.096
0.027999775836	4.097
0.0282933565472	4.098
0.0285870371738	4.099
0.0288808176978	4.1
0.0291746981011	4.101
0.0294686783656	4.102
0.029762758473	4.103
0.030056938405	4.104
0.0303512181433	4.105
0.0306455976696	4.106
0.0309400769655	4.107
0.0312346560126	4.108
0.0315293347922	4.109
0.031824113286	4.11
0.0321189914753	4.111
0.0324139693415	4.112
0.0327090468659	4.113
0.0330042240297	4.114
0.0332995008143	4.115
0.0335948772008	4.116
0.0338903531703	4.117
0.0341859287039	4.118
0.0344816037828	4.119
0.0347773783877	4.12
0.0350732524999	4.121
0.0353692261	4.122
0.0356652991691	4.123
0.0359614716878	4.124
0.0362577436371	4.125
0.0365541149975	4.126
0.0368505857499	4.127
0.0371471558747	4.128
0.0374438253527	4.129
0.0377405941642	4.13
0.03803746229	4.131
0.0383344297103	4.132
0.0386314964055	4.133
0.0389286623561	4.134
0.0392259275424	4.135
0.0395232919445	4.136
0.0398207555428	4.137
0.0401183183174	4.138
0.0404159802484	4.139
0.0407137413158	4.14
0.0410116014998	4.141
0.0413095607804	4.142
0.0416076191373	4.143
0.0419057765506	4.144
0.0422040330002	4.145
0.0425023884657	4.146
0.0428008429269	4.147
0.0430993963637	4.148
0.0433980487555	4.149
0.0436968000821	4.15
0.043995650323	4.151
0.0442945994578	4.152
0.0445936474659	4.153
0.0448927943267	4.154
0.0451920400197	4.155
0.0454913845242	4.156
0.0457908278194	4.157
0.0460903698847	4.158
0.0463900106993	4.159
0.0466897502422	4.16
0.0469895884926	4.161
0.0472895254296	4.162
0.0475895610322	4.163
0.0478896952794	4.164
0.04818992815	4.165
0.048490259623	4.166
0.0487906896773	4.167
0.0490912182915	4.168
0.0493918454445	4.169
0.0496925711149	4.17
0.0499933952815	4.171
0.0502943179227	4.172
0.0505953390172	4.173
0.0508964585435	4.174
0.05119767648	4.175
0.0514989928052	4.176
0.0518004074974	4.177
0.052101920535	4.178
0.0524035318963	4.179
0.0527052415594	4.18
0.0530070495027	4.181
0.0533089557042	4.182
0.053610960142	4.183
0.0539130627942	4.184
0.0542152636389	4.185
0.0545175626539	4.186
0.0548199598172	4.187
0.0551224551066	4.188
0.0554250485	4.189
0.0557277399752	4.19
0.0560305295099	4.191
0.0563334170818	4.192
0.0566364026685	4.193
0.0569394862476	4.194
0.0572426677968	4.195
0.0575459472933	4.196
0.0578493247149	4.197
0.0581528000387	4.198
0.0584563732424	4.199
0.058760044303	4.2
0.059063813198	4.201
0.0593676799045	4.202
0.0596716443997	4.203
0.0599757066608	4.204
0.0602798666649	4.205
0.060584124389	4.206
0.0608884798101	4.207
0.0611929329052	4.208
0.0614974836512	4.209
0.0618021320249	4.21
0.0621068780031	4.211
0.0624117215627	4.212
0.0627166626804	4.213
0.0630217013328	4.214
0.0633268374965	4.215
0.0636320711483	4.216
0.0639374022645	4.217
0.0642428308218	4.218
0.0645483567965	4.219
0.0648539801651	4.22
0.065159700904	4.221
0.0654655189893	4.222
0.0657714343975	4.223
0.0660774471048	4.224
0.0663835570872	4.225
0.066689764321	4.226
0.0669960687823	4.227
0.067302470447	4.228
0.0676089692912	4.229
0.0679155652909	4.23
0.0682222584219	4.231
0.06852904866	4.232
0.0688359359812	4.233
0.0691429203612	4.234
0.0694500017757	4.235
0.0697571802003	4.236
0.0700644556108	4.237
0.0703718279827	4.238
0.0706792972915	4.239
0.0709868635127	4.24
0.0712945266218	4.241
0.0716022865942	4.242
0.0719101434053	4.243
0.0722180970303	4.244
0.0725261474445	4.245
0.0728342946232	4.246
0.0731425385416	4.247
0.0734508791747	4.248
0.0737593164976	4.249
0.0740678504854	4.25
0.0743764811131	4.251
0.0746852083557	4.252
0.0749940321879	4.253
0.0753029525848	4.254
0.0756119695211	4.255
0.0759210829715	4.256
0.0762302929109	4.257
0.0765395993138	4.258
0.076849002155	4.259
0.0771585014089	4.26
0.0774680970502	4.261
0.0777777890534	4.262
0.0780875773928	4.263
0.0783974620429	4.264
0.0787074429781	4.265
0.0790175201726	4.266
0.0793276936008	4.267
0.0796379632368	4.268
0.0799483290549	4.269
0.0802587910292	4.27
0.0805693491337	4.271
0.0808800033426	4.272
0.0811907536297	4.273
0.0815015999692	4.274
0.0818125423348	4.275
0.0821235807004	4.276
0.0824347150399	4.277
0.082745945327	4.278
0.0830572715355	4.279
0.083368693639	4.28
0.0836802116112	4.281
0.0839918254256	4.282
0.0843035350559	4.283
0.0846153404755	4.284
0.0849272416578	4.285
0.0852392385764	4.286
0.0855513312045	4.287
0.0858635195154	4.288
0.0861758034825	4.289
0.0864881830791	4.29
0.0868006582781	4.291
0.0871132290529	4.292
0.0874258953765	4.293
0.087738657222	4.294
0.0880515145623	4.295
0.0883644673705	4.296
0.0886775156194	4.297
0.088990659282	4.298
0.089303898331	4.299
0.0896172327392	4.3
0.0899306624794	4.301
0.0902441875242	4.302
0.0905578078464	4.303
0.0908715234185	4.304
0.091185334213	4.305
0.0914992402026	4.306
0.0918132413596	4.307
0.0921273376564	4.308
0.0924415290655	4.309
0.0927558155593	4.31
0.0930701971099	4.311
0.0933846736896	4.312
0.0936992452706	4.313
0.0940139118252	4.314
0.0943286733253	4.315
0.094643529743	4.316
0.0949584810505	4.317
0.0952735272196	4.318
0.0955886682223	4.319
0.0959039040305	4.32
0.096219234616	4.321
0.0965346599506	4.322
0.0968501800061	4.323
0.0971657947541	4.324
0.0974815041664	4.325
0.0977973082146	4.326
0.0981132068702	4.327
0.0984292001047	4.328
0.0987452878898	4.329
0.0990614701967	4.33
0.0993777469969	4.331
0.0996941182617	4.332
0.100010583963	4.333
0.100327144071	4.334
0.100643798557	4.335
0.100960547393	4.336
0.10127739055	4.337
0.101594327999	4.338
0.10191135971	4.339
0.102228485656	4.34
0.102545705806	4.341
0.102863020132	4.342
0.103180428604	4.343
0.103497931194	4.344
0.103815527872	4.345
0.104133218609	4.346
0.104451003376	4.347
0.104768882143	4.348
0.105086854881	4.349
0.10540492156	4.35
0.105723082151	4.351
0.106041336625	4.352
0.106359684951	4.353
0.1066781271	4.354
0.106996663043	4.355
0.10731529275	4.356
0.107634016191	4.357
0.107952833336	4.358
0.108271744156	4.359
0.10859074862	4.36
0.108909846698	4.361
0.109229038361	4.362
0.109548323579	4.363
0.109867702322	4.364
0.110187174558	4.365
0.11050674026	4.366
0.110826399395	4.367
0.111146151934	4.368
0.111465997846	4.369
0.111785937102	4.37
0.112105969671	4.371
0.112426095522	4.372
0.112746314625	4.373
0.11306662695	4.374
0.113387032465	4.375
0.113707531141	4.376
0.114028122947	4.377
0.114348807852	4.378
0.114669585825	4.379
0.114990456835	4.38
0.115311420853	4.381
0.115632477846	4.382
0.115953627784	4.383
0.116274870637	4.384
0.116596206372	4.385
0.11691763496	4.386
0.117239156368	4.387
0.117560770567	4.388
0.117882477524	4.389
0.118204277208	4.39
0.118526169589	4.391
0.118848154635	4.392
0.119170232315	4.393
0.119492402596	4.394
0.119814665449	4.395
0.120137020841	4.396
0.120459468741	4.397
0.120782009117	4.398
0.121104641938	4.399
0.121427367172	4.4
0.121750184788	4.401
0.122073094753	4.402
0.122396097037	4.403
0.122719191606	4.404
0.12304237843	4.405
0.123365657476	4.406
0.123689028712	4.407
0.124012492108	4.408
0.124336047629	4.409
0.124659695245	4.41
0.124983434923	4.411
0.125307266631	4.412
0.125631190337	4.413
0.125955206009	4.414
0.126279313615	4.415
0.126603513121	4.416
0.126927804496	4.417
0.127252187707	4.418
0.127576662722	4.419
0.127901229509	4.42
0.128225888034	4.421
0.128550638265	4.422
0.12887548017	4.423
0.129200413716	4.424
0.12952543887	4.425
0.1298505556	4.426
0.130175763872	4.427
0.130501063654	4.428
0.130826454913	4.429
0.131151937616	4.43
0.13147751173	4.431
0.131803177221	4.432
0.132128934058	4.433
0.132454782207	4.434
0.132780721634	4.435
0.133106752307	4.436
0.133432874192	4.437
0.133759087256	4.438
0.134085391466	4.439
0.134411786788	4.44
0.134738273189	4.441
0.135064850635	4.442
0.135391519094	4.443
0.135718278531	4.444
0.136045128913	4.445
0.136372070206	4.446
0.136699102377	4.447
0.137026225392	4.448
0.137353439218	4.449
0.137680743819	4.45
0.138008139164	4.451
0.138335625217	4.452
0.138663201945	4.453
0.138990869313	4.454
0.139318627289	4.455
0.139646475838	4.456
0.139974414925	4.457
0.140302444517	4.458
0.14063056458	4.459
0.140958775079	4.46
0.14128707598	4.461
0.141615467249	4.462
0.141943948851	4.463
0.142272520752	4.464
0.142601182918	4.465
0.142929935315	4.466
0.143258777907	4.467
0.14358771066	4.468
0.14391673354	4.469
0.144245846512	4.47
0.144575049541	4.471
0.144904342592	4.472
0.145233725632	4.473
0.145563198625	4.474
0.145892761535	4.475
0.14622241433	4.476
0.146552156972	4.477
0.146881989428	4.478
0.147211911663	4.479
0.147541923641	4.48
0.147872025327	4.481
0.148202216687	4.482
0.148532497685	4.483
0.148862868285	4.484
0.149193328454	4.485
0.149523878154	4.486
0.149854517352	4.487
0.150185246011	4.488
0.150516064096	4.489
0.150846971572	4.49
0.151177968403	4.491
0.151509054554	4.492
0.151840229989	4.493
0.152171494672	4.494
0.152502848569	4.495
0.152834291642	4.496
0.153165823857	4.497
0.153497445177	4.498
0.153829155567	4.499
0.154160954991	4.5
0.154492843413	4.501
0.154824820797	4.502
0.155156887107	4.503
0.155489042307	4.504
0.155821286361	4.505
0.156153619232	4.506
0.156486040886	4.507
0.156818551284	4.508
0.157151150392	4.509
0.157483838173	4.51
0.15781661459	4.511
0.158149479607	4.512
0.158482433188	4.513
0.158815475297	4.514
0.159148605896	4.515
0.15948182495	4.516
0.159815132422	4.517
0.160148528274	4.518
0.160482012471	4.519
0.160815584976	4.52
0.161149245752	4.521
0.161482994763	4.522
0.16181683197	4.523
0.162150757339	4.524
0.162484770831	4.525
0.16281887241	4.526
0.163153062038	4.527
0.16348733968	4.528
0.163821705297	4.529
0.164156158853	4.53
0.164490700311	4.531
0.164825329632	4.532
0.165160046781	4.533
0.16549485172	4.534
0.165829744411	4.535
0.166164724818	4.536
0.166499792902	4.537
0.166834948627	4.538
0.167170191954	4.539
0.167505522847	4.54
0.167840941268	4.541
0.168176447179	4.542
0.168512040543	4.543
0.168847721322	4.544
0.169183489478	4.545
0.169519344974	4.546
0.169855287772	4.547
0.170191317833	4.548
0.170527435121	4.549
0.170863639597	4.55
0.171199931223	4.551
0.171536309962	4.552
0.171872775774	4.553
0.172209328623	4.554
0.17254596847	4.555
0.172882695277	4.556
0.173219509006	4.557
0.173556409618	4.558
0.173893397075	4.559
0.17423047134	4.56
0.174567632373	4.561
0.174904880136	4.562
0.175242214591	4.563
0.1755796357	4.564
0.175917143423	4.565
0.176254737723	4.566
0.17659241856	4.567
0.176930185897	4.568
0.177268039694	4.569
0.177605979913	4.57
0.177944006515	4.571
0.178282119461	4.572
0.178620318712	4.573
0.178958604231	4.574
0.179296975976	4.575
0.179635433911	4.576
0.179973977995	4.577
0.180312608191	4.578
0.180651324457	4.579
0.180990126757	4.58
0.18132901505	4.581
0.181667989297	4.582
0.18200704946	4.583
0.182346195498	4.584
0.182685427373	4.585
0.183024745046	4.586
0.183364148476	4.587
0.183703637624	4.588
0.184043212452	4.589
0.184382872919	4.59
0.184722618987	4.591
0.185062450615	4.592
0.185402367763	4.593
0.185742370393	4.594
0.186082458465	4.595
0.186422631938	4.596
0.186762890774	4.597
0.187103234932	4.598
0.187443664373	4.599
0.187784179056	4.6
0.188124778942	4.601
0.18846546399	4.602
0.188806234162	4.603
0.189147089416	4.604
0.189488029713	4.605
0.189829055013	4.606
0.190170165275	4.607
0.190511360459	4.608
0.190852640526	4.609
0.191194005434	4.61
0.191535455144	4.611
0.191876989615	4.612
0.192218608807	4.613
0.19256031268	4.614
0.192902101192	4.615
0.193243974304	4.616
0.193585931975	4.617
0.193927974165	4.618
0.194270100832	4.619
0.194612311937	4.62
0.194954607438	4.621
0.195296987295	4.622
0.195639451467	4.623
0.195981999914	4.624
0.196324632594	4.625
0.196667349466	4.626
0.197010150491	4.627
0.197353035626	4.628
0.197696004831	4.629
0.198039058065	4.63
0.198382195286	4.631
0.198725416454	4.632
0.199068721528	4.633
0.199412110467	4.634
0.199755583228	4.635
0.200099139771	4.636
0.200442780056	4.637
0.200786504039	4.638
0.201130311681	4.639
0.201474202939	4.64
0.201818177772	4.641
0.20216223614	4.642
0.202506377999	4.643
0.202850603309	4.644
0.203194912029	4.645
0.203539304116	4.646
0.203883779528	4.647
0.204228338225	4.648
0.204572980165	4.649
0.204917705305	4.65
0.205262513605	4.651
0.205607405021	4.652
0.205952379513	4.653
0.206297437038	4.654
0.206642577554	4.655
0.20698780102	4.656
0.207333107393	4.657
0.207678496632	4.658
0.208023968694	4.659
0.208369523537	4.66
0.208715161119	4.661
0.209060881397	4.662
0.209406684331	4.663
0.209752569876	4.664
0.210098537992	4.665
0.210444588635	4.666
0.210790721764	4.667
0.211136937335	4.668
0.211483235306	4.669
0.211829615636	4.67
0.212176078281	4.671
0.212522623198	4.672
0.212869250346	4.673
0.213215959682	4.674
0.213562751162	4.675
0.213909624744	4.676
0.214256580386	4.677
0.214603618045	4.678
0.214950737677	4.679
0.21529793924	4.68
0.215645222692	4.681
0.215992587988	4.682
0.216340035087	4.683
0.216687563945	4.684
0.217035174519	4.685
0.217382866767	4.686
0.217730640644	4.687
0.218078496108	4.688
0.218426433116	4.689
0.218774451624	4.69
0.21912255159	4.691
0.219470732969	4.692
0.219818995719	4.693
0.220167339797	4.694
0.220515765158	4.695
0.22086427176	4.696
0.221212859559	4.697
0.221561528511	4.698
0.221910278573	4.699
0.222259109702	4.7
0.222608021853	4.701
0.222957014984	4.702
0.22330608905	4.703
0.223655244008	4.704
0.224004479814	4.705
0.224353796425	4.706
0.224703193796	4.707
0.225052671883	4.708
0.225402230643	4.709
0.225751870032	4.71
0.226101590006	4.711
0.226451390521	4.712
0.226801271533	4.713
0.227151232997	4.714
0.22750127487	4.715
0.227851397108	4.716
0.228201599666	4.717
0.228551882501	4.718
0.228902245567	4.719
0.229252688821	4.72
0.229603212219	4.721
0.229953815716	4.722
0.230304499267	4.723
0.230655262829	4.724
0.231006106357	4.725
0.231357029806	4.726
0.231708033132	4.727
0.23205911629	4.728
0.232410279237	4.729
0.232761521926	4.73
0.233112844314	4.731
0.233464246356	4.732
0.233815728007	4.733
0.234167289223	4.734
0.234518929958	4.735
0.234870650168	4.736
0.235222449808	4.737
0.235574328833	4.738
0.235926287198	4.739
0.236278324859	4.74
0.23663044177	4.741
0.236982637886	4.742
0.237334913162	4.743
0.237687267553	4.744
0.238039701015	4.745
0.238392213501	4.746
0.238744804967	4.747
0.239097475367	4.748
0.239450224656	4.749
0.239803052789	4.75
0.240155959721	4.751
0.240508945406	4.752
0.240862009799	4.753
0.241215152855	4.754
0.241568374527	4.755
0.241921674771	4.756
0.242275053541	4.757
0.242628510791	4.758
0.242982046476	4.759
0.24333566055	4.76
0.243689352968	4.761
0.244043123683	4.762
0.244396972651	4.763
0.244750899825	4.764
0.24510490516	4.765
0.245458988609	4.766
0.245813150128	4.767
0.246167389669	4.768
0.246521707188	4.769
0.246876102638	4.77
0.247230575973	4.771
0.247585127147	4.772
0.247939756115	4.773
0.24829446283	4.774
0.248649247245	4.775
0.249004109315	4.776
0.249359048995	4.777
0.249714066236	4.778
0.250069160994	4.779
0.250424333221	4.78
0.250779582873	4.781
0.251134909901	4.782
0.251490314261	4.783
0.251845795905	4.784
0.252201354787	4.785
0.25255699086	4.786
0.252912704079	4.787
0.253268494396	4.788
0.253624361766	4.789
0.253980306141	4.79
0.254336327474	4.791
0.25469242572	4.792
0.255048600831	4.793
0.255404852761	4.794
0.255761181463	4.795
0.256117586891	4.796
0.256474068996	4.797
0.256830627733	4.798
0.257187263055	4.799
0.257543974914	4.8
0.257900763265	4.801
0.258257628059	4.802
0.25861456925	4.803
0.25897158679	4.804
0.259328680634	4.805
0.259685850733	4.806
0.26004309704	4.807
0.260400419509	4.808
0.260757818092	4.809
0.261115292742	4.81
0.261472843412	4.811
0.261830470053	4.812
0.26218817262	4.813
0.262545951065	4.814
0.26290380534	4.815
0.263261735397	4.816
0.263619741191	4.817
0.263977822672	4.818
0.264335979794	4.819
0.264694212508	4.82
0.265052520768	4.821
0.265410904526	4.822
0.265769363734	4.823
0.266127898345	4.824
0.26648650831	4.825
0.266845193582	4.826
0.267203954114	4.827
0.267562789857	4.828
0.267921700764	4.829
0.268280686787	4.83
0.268639747878	4.831
0.26899888399	4.832
0.269358095073	4.833
0.269717381081	4.834
0.270076741965	4.835
0.270436177677	4.836
0.270795688169	4.837
0.271155273394	4.838
0.271514933302	4.839
0.271874667847	4.84
0.272234476979	4.841
0.272594360651	4.842
0.272954318813	4.843
0.273314351419	4.844
0.273674459223	4.845
0.274034640556	4.846
0.274394896161	4.847
0.274755225988	4.848
0.27511562999	4.849
0.275476108118	4.85
0.275836660323	4.851
0.276197286557	4.852
0.276557986771	4.853
0.276918760918	4.854
0.277279608947	4.855
0.277640530811	4.856
0.278001526461	4.857
0.278362595849	4.858
0.278723738925	4.859
0.27908495564	4.86
0.279446245947	4.861
0.279807609797	4.862
0.280169047139	4.863
0.280530557926	4.864
0.280892142109	4.865
0.281253799639	4.866
0.281615530466	4.867
0.281977334543	4.868
0.282339211819	4.869
0.282701162246	4.87
0.283063185775	4.871
0.283425282356	4.872
0.283787451941	4.873
0.284149694481	4.874
0.284512009925	4.875
0.284874398226	4.876
0.285236859333	4.877
0.285599393198	4.878
0.285961999771	4.879
0.286324679003	4.88
0.286687430845	4.881
0.287050255246	4.882
0.287413152158	4.883
0.287776121532	4.884
0.288139163317	4.885
0.288502277465	4.886
0.288865463925	4.887
0.289228722649	4.888
0.289592053586	4.889
0.289955456688	4.89
0.290318931903	4.891
0.290682479184	4.892
0.291046098479	4.893
0.29140978974	4.894
0.291773552916	4.895
0.292137387958	4.896
0.292501294816	4.897
0.29286527344	4.898
0.29322932378	4.899
0.293593445786	4.9
0.293957639409	4.901
0.294321904599	4.902
0.294686241305	4.903
0.295050649477	4.904
0.295415129066	4.905
0.295779680021	4.906
0.296144302292	4.907
0.29650899583	4.908
0.296873760583	4.909
0.297238596503	4.91
0.297603503538	4.911
0.297968481638	4.912
0.298333530754	4.913
0.298698650835	4.914
0.29906384183	4.915
0.299429103689	4.916
0.299794436362	4.917
0.300159839799	4.918
0.300525313948	4.919
0.300890858761	4.92
0.301256474185	4.921
0.301622160171	4.922
0.301987916668	4.923
0.302353743625	4.924
0.302719640993	4.925
0.30308560872	4.926
0.303451646755	4.927
0.303817755049	4.928
0.30418393355	4.929
0.304550182208	4.93
0.304916500971	4.931
0.30528288979	4.932
0.305649348613	4.933
0.306015877389	4.934
0.306382476068	4.935
0.306749144599	4.936
0.307115882931	4.937
0.307482691013	4.938
0.307849568793	4.939
0.308216516222	4.94
0.308583533248	4.941
0.30895061982	4.942
0.309317775886	4.943
0.309685001397	4.944
0.3100522963	4.945
0.310419660545	4.946
0.31078709408	4.947
0.311154596854	4.948
0.311522168816	4.949
0.311889809916	4.95
0.3122575201	4.951
0.312625299319	4.952
0.312993147521	4.953
0.313361064654	4.954
0.313729050668	4.955
0.31409710551	4.956
0.314465229129	4.957
0.314833421475	4.958
0.315201682495	4.959
0.315570012138	4.96
0.315938410352	4.961
0.316306877086	4.962
0.316675412289	4.963
0.317044015908	4.964
0.317412687893	4.965
0.31778142819	4.966
0.31815023675	4.967
0.31851911352	4.968
0.318888058447	4.969
0.319257071482	4.97
0.319626152571	4.971
0.319995301664	4.972
0.320364518708	4.973
0.320733803651	4.974
0.321103156441	4.975
0.321472577027	4.976
0.321842065357	4.977
0.322211621379	4.978
0.32258124504	4.979
0.322950936289	4.98
0.323320695074	4.981
0.323690521343	4.982
0.324060415043	4.983
0.324430376123	4.984
0.32480040453	4.985
0.325170500212	4.986
0.325540663118	4.987
0.325910893195	4.988
0.32628119039	4.989
0.326651554652	4.99
0.327021985928	4.991
0.327392484167	4.992
0.327763049314	4.993
0.32813368132	4.994
0.32850438013	4.995
0.328875145692	4.996
0.329245977955	4.997
0.329616876866	4.998
0.329987842372	4.999
0.330358874421	5.0
0.330729972961	5.001
0.331101137938	5.002
0.3314723693	5.003
0.331843666996	5.004
0.332215030971	5.005
0.332586461174	5.006
0.332957957552	5.007
0.333329520052	5.008
0.333701148622	5.009
0.334072843209	5.01
0.33444460376	5.011
0.334816430222	5.012
0.335188322543	5.013
0.33556028067	5.014
0.335932304549	5.015
0.336304394129	5.016
0.336676549356	5.017
0.337048770178	5.018
0.337421056541	5.019
0.337793408393	5.02
0.338165825681	5.021
0.338538308351	5.022
0.338910856351	5.023
0.339283469627	5.024
0.339656148127	5.025
0.340028891798	5.026
0.340401700586	5.027
0.340774574439	5.028
0.341147513303	5.029
0.341520517125	5.03
0.341893585851	5.031
0.34226671943	5.032
0.342639917807	5.033
0.343013180929	5.034
0.343386508744	5.035
0.343759901197	5.036
0.344133358235	5.037
0.344506879805	5.038
0.344880465855	5.039
0.345254116329	5.04
0.345627831176	5.041
0.346001610341	5.042
0.346375453771	5.043
0.346749361413	5.044
0.347123333214	5.045
0.347497369118	5.046
0.347871469075	5.047
0.348245633028	5.048
0.348619860926	5.049
0.348994152715	5.05
0.34936850834	5.051
0.349742927748	5.052
0.350117410887	5.053
0.350491957701	5.054
0.350866568137	5.055
0.351241242142	5.056
0.351615979662	5.057
0.351990780643	5.058
0.352365645032	5.059
0.352740572774	5.06
0.353115563815	5.061
0.353490618103	5.062
0.353865735583	5.063
0.354240916201	5.064
0.354616159903	5.065
0.354991466635	5.066
0.355366836345	5.067
0.355742268976	5.068
0.356117764476	5.069
0.356493322791	5.07
0.356868943866	5.071
0.357244627648	5.072
0.357620374082	5.073
0.357996183115	5.074
0.358372054692	5.075
0.358747988759	5.076
0.359123985262	5.077
0.359500044147	5.078
0.35987616536	5.079
0.360252348847	5.08
0.360628594552	5.081
0.361004902423	5.082
0.361381272405	5.083
0.361757704443	5.084
0.362134198484	5.085
0.362510754473	5.086
0.362887372355	5.087
0.363264052077	5.088
0.363640793584	5.089
0.364017596821	5.09
0.364394461735	5.091
0.36477138827	5.092
0.365148376373	5.093
0.365525425988	5.094
0.365902537063	5.095
0.366279709541	5.096
0.366656943368	5.097
0.36703423849	5.098
0.367411594853	5.099
0.367789012401	5.1
0.368166491081	5.101
0.368544030837	5.102
0.368921631615	5.103
0.369299293361	5.104
0.369677016019	5.105
0.370054799535	5.106
0.370432643854	5.107
0.370810548922	5.108
0.371188514684	5.109
0.371566541085	5.11
0.37194462807	5.111
0.372322775585	5.112
0.372700983574	5.113
0.373079251983	5.114
0.373457580758	5.115
0.373835969842	5.116
0.374214419182	5.117
0.374592928723	5.118
0.374971498408	5.119
0.375350128185	5.12
0.375728817997	5.121
0.37610756779	5.122
0.376486377508	5.123
0.376865247097	5.124
0.377244176502	5.125
0.377623165668	5.126
0.378002214539	5.127
0.378381323061	5.128
0.378760491178	5.129
0.379139718836	5.13
0.379519005978	5.131
0.379898352551	5.132
0.380277758499	5.133
0.380657223767	5.134
0.381036748299	5.135
0.381416332041	5.136
0.381795974937	5.137
0.382175676932	5.138
0.38255543797	5.139
0.382935257998	5.14
0.383315136958	5.141
0.383695074796	5.142
0.384075071456	5.143
0.384455126884	5.144
0.384835241024	5.145
0.38521541382	5.146
0.385595645217	5.147
0.38597593516	5.148
0.386356283594	5.149
0.386736690462	5.15
0.38711715571	5.151
0.387497679281	5.152
0.387878261121	5.153
0.388258901174	5.154
0.388639599385	5.155
0.389020355698	5.156
0.389401170057	5.157
0.389782042407	5.158
0.390162972692	5.159
0.390543960857	5.16
0.390925006846	5.161
0.391306110603	5.162
0.391687272074	5.163
0.392068491201	5.164
0.392449767931	5.165
0.392831102206	5.166
0.393212493971	5.167
0.393593943171	5.168
0.393975449749	5.169
0.394357013651	5.17
0.39473863482	5.171
0.3951203132	5.172
0.395502048736	5.173
0.395883841372	5.174
0.396265691052	5.175
0.396647597721	5.176
0.397029561322	5.177
0.397411581799	5.178
0.397793659097	5.179
0.39817579316	5.18
0.398557983932	5.181
0.398940231357	5.182
0.39932253538	5.183
0.399704895943	5.184
0.400087312991	5.185
0.400469786469	5.186
0.40085231632	5.187
0.401234902488	5.188
0.401617544918	5.189
0.402000243553	5.19
0.402382998337	5.191
0.402765809214	5.192
0.403148676128	5.193
0.403531599023	5.194
0.403914577843	5.195
0.404297612532	5.196
0.404680703033	5.197
0.405063849291	5.198
0.40544705125	5.199
0.405830308852	5.2
0.406213622043	5.201
0.406596990765	5.202
0.406980414964	5.203
0.407363894581	5.204
0.407747429562	5.205
0.40813101985	5.206
0.408514665389	5.207
0.408898366122	5.208
0.409282121993	5.209
0.409665932946	5.21
0.410049798925	5.211
0.410433719873	5.212
0.410817695734	5.213
0.411201726451	5.214
0.411585811969	5.215
0.411969952231	5.216
0.41235414718	5.217
0.41273839676	5.218
0.413122700915	5.219
0.413507059589	5.22
0.413891472724	5.221
0.414275940264	5.222
0.414660462154	5.223
0.415045038336	5.224
0.415429668754	5.225
0.415814353351	5.226
0.416199092072	5.227
0.416583884859	5.228
0.416968731656	5.229
0.417353632407	5.23
0.417738587054	5.231
0.418123595542	5.232
0.418508657813	5.233
0.418893773812	5.234
0.419278943482	5.235
0.419664166765	5.236
0.420049443606	5.237
0.420434773947	5.238
0.420820157733	5.239
0.421205594906	5.24
0.421591085409	5.241
0.421976629187	5.242
0.422362226183	5.243
0.422747876339	5.244
0.423133579599	5.245
0.423519335906	5.246
0.423905145204	5.247
0.424291007436	5.248
0.424676922545	5.249
0.425062890474	5.25
0.425448911167	5.251
0.425834984566	5.252
0.426221110616	5.253
0.426607289258	5.254
0.426993520437	5.255
0.427379804096	5.256
0.427766140177	5.257
0.428152528624	5.258
0.42853896938	5.259
0.428925462389	5.26
0.429312007592	5.261
0.429698604934	5.262
0.430085254357	5.263
0.430471955805	5.264
0.430858709221	5.265
0.431245514547	5.266
0.431632371727	5.267
0.432019280704	5.268
0.432406241421	5.269
0.432793253821	5.27
0.433180317847	5.271
0.433567433441	5.272
0.433954600548	5.273
0.43434181911	5.274
0.434729089069	5.275
0.43511641037	5.276
0.435503782955	5.277
0.435891206766	5.278
0.436278681747	5.279
0.436666207841	5.28
0.437053784991	5.281
0.437441413139	5.282
0.437829092229	5.283
0.438216822203	5.284
0.438604603005	5.285
0.438992434577	5.286
0.439380316862	5.287
0.439768249803	5.288
0.440156233343	5.289
0.440544267424	5.29
0.44093235199	5.291
0.441320486984	5.292
0.441708672348	5.293
0.442096908024	5.294
0.442485193957	5.295
0.442873530088	5.296
0.443261916361	5.297
0.443650352718	5.298
0.444038839102	5.299
0.444427375455	5.3
0.444815961722	5.301
0.445204597843	5.302
0.445593283763	5.303
0.445982019423	5.304
0.446370804767	5.305
0.446759639738	5.306
0.447148524277	5.307
0.447537458328	5.308
0.447926441833	5.309
0.448315474735	5.31
0.448704556977	5.311
0.449093688502	5.312
0.449482869251	5.313
0.449872099168	5.314
0.450261378196	5.315
0.450650706277	5.316
0.451040083354	5.317
0.451429509369	5.318
0.451818984265	5.319
0.452208507984	5.32
0.45259808047	5.321
0.452987701664	5.322
0.45337737151	5.323
0.45376708995	5.324
0.454156856927	5.325
0.454546672383	5.326
0.454936536261	5.327
0.455326448503	5.328
0.455716409051	5.329
0.45610641785	5.33
0.45649647484	5.331
0.456886579965	5.332
0.457276733167	5.333
0.457666934389	5.334
0.458057183572	5.335
0.458447480661	5.336
0.458837825596	5.337
0.459228218322	5.338
0.459618658779	5.339
0.460009146911	5.34
0.46039968266	5.341
0.460790265969	5.342
0.46118089678	5.343
0.461571575036	5.344
0.461962300678	5.345
0.462353073651	5.346
0.462743893895	5.347
0.463134761353	5.348
0.463525675969	5.349
0.463916637683	5.35
0.46430764644	5.351
0.464698702181	5.352
0.465089804848	5.353
0.465480954384	5.354
0.465872150732	5.355
0.466263393833	5.356
0.466654683631	5.357
0.467046020067	5.358
0.467437403084	5.359
0.467828832625	5.36
0.468220308631	5.361
0.468611831046	5.362
0.469003399811	5.363
0.469395014869	5.364
0.469786676163	5.365
0.470178383634	5.366
0.470570137225	5.367
0.470961936878	5.368
0.471353782536	5.369
0.471745674141	5.37
0.472137611636	5.371
0.472529594962	5.372
0.472921624062	5.373
0.473313698878	5.374
0.473705819354	5.375
0.47409798543	5.376
0.474490197049	5.377
0.474882454154	5.378
0.475274756688	5.379
0.475667104591	5.38
0.476059497807	5.381
0.476451936277	5.382
0.476844419945	5.383
0.477236948753	5.384
0.477629522641	5.385
0.478022141554	5.386
0.478414805434	5.387
0.478807514221	5.388
0.47920026786	5.389
0.479593066291	5.39
0.479985909458	5.391
0.480378797303	5.392
0.480771729767	5.393
0.481164706794	5.394
0.481557728325	5.395
0.481950794303	5.396
0.482343904669	5.397
0.482737059367	5.398
0.483130258338	5.399
0.483523501524	5.4
0.483916788869	5.401
0.484310120313	5.402
0.4847034958	5.403
0.485096915271	5.404
0.48549037867	5.405
0.485883885937	5.406
0.486277437015	5.407
0.486671031847	5.408
0.487064670374	5.409
0.48745835254	5.41
0.487852078285	5.411
0.488245847553	5.412
0.488639660285	5.413
0.489033516424	5.414
0.489427415912	5.415
0.489821358691	5.416
0.490215344704	5.417
0.490609373892	5.418
0.491003446198	5.419
0.491397561564	5.42
0.491791719931	5.421
0.492185921244	5.422
0.492580165442	5.423
0.49297445247	5.424
0.493368782268	5.425
0.49376315478	5.426
0.494157569947	5.427
0.494552027711	5.428
0.494946528015	5.429
0.495341070801	5.43
0.495735656011	5.431
0.496130283587	5.432
0.496524953472	5.433
0.496919665607	5.434
0.497314419935	5.435
0.497709216398	5.436
0.498104054939	5.437
0.498498935498	5.438
0.498893858019	5.439
0.499288822444	5.44
0.499683828715	5.441
0.500078876773	5.442
0.500473966562	5.443
0.500869098024	5.444
0.5012642711	5.445
0.501659485732	5.446
0.502054741864	5.447
0.502450039437	5.448
0.502845378393	5.449
0.503240758674	5.45
0.503636180224	5.451
0.504031642983	5.452
0.504427146894	5.453
0.504822691899	5.454
0.505218277941	5.455
0.505613904961	5.456
0.506009572902	5.457
0.506405281706	5.458
0.506801031315	5.459
0.507196821671	5.46
0.507592652717	5.461
0.507988524394	5.462
0.508384436645	5.463
0.508780389412	5.464
0.509176382638	5.465
0.509572416264	5.466
0.509968490232	5.467
0.510364604485	5.468
0.510760758965	5.469
0.511156953615	5.47
0.511553188375	5.471
0.511949463189	5.472
0.512345777999	5.473
0.512742132747	5.474
0.513138527375	5.475
0.513534961825	5.476
0.51393143604	5.477
0.514327949961	5.478
0.514724503532	5.479
0.515121096693	5.48
0.515517729388	5.481
0.515914401558	5.482
0.516311113147	5.483
0.516707864095	5.484
0.517104654345	5.485
0.51750148384	5.486
0.517898352521	5.487
0.518295260332	5.488
0.518692207213	5.489
0.519089193107	5.49
0.519486217958	5.491
0.519883281705	5.492
0.520280384293	5.493
0.520677525663	5.494
0.521074705758	5.495
0.521471924519	5.496
0.521869181889	5.497
0.522266477811	5.498
0.522663812226	5.499
0.523061185076	5.5
0.523458596304	5.501
0.523856045853	5.502
0.524253533664	5.503
0.52465105968	5.504
0.525048623843	5.505
0.525446226095	5.506
0.525843866379	5.507
0.526241544636	5.508
0.526639260809	5.509
0.527037014841	5.51
0.527434806674	5.511
0.527832636249	5.512
0.52823050351	5.513
0.528628408398	5.514
0.529026350856	5.515
0.529424330826	5.516
0.529822348251	5.517
0.530220403072	5.518
0.530618495232	5.519
0.531016624674	5.52
0.53141479134	5.521
0.531812995171	5.522
0.532211236111	5.523
0.532609514101	5.524
0.533007829085	5.525
0.533406181004	5.526
0.533804569801	5.527
0.534202995417	5.528
0.534601457796	5.529
0.53499995688	5.53
0.535398492611	5.531
0.535797064932	5.532
0.536195673784	5.533
0.536594319111	5.534
0.536993000854	5.535
0.537391718957	5.536
0.53779047336	5.537
0.538189264008	5.538
0.538588090842	5.539
0.538986953804	5.54
0.539385852838	5.541
0.539784787885	5.542
0.540183758888	5.543
0.540582765789	5.544
0.540981808531	5.545
0.541380887056	5.546
0.541780001306	5.547
0.542179151225	5.548
0.542578336754	5.549
0.542977557836	5.55
0.543376814414	5.551
0.54377610643	5.552
0.544175433825	5.553
0.544574796544	5.554
0.544974194528	5.555
0.54537362772	5.556
0.545773096063	5.557
0.546172599498	5.558
0.546572137968	5.559
0.546971711417	5.56
0.547371319785	5.561
0.547770963017	5.562
0.548170641054	5.563
0.548570353839	5.564
0.548970101315	5.565
0.549369883424	5.566
0.549769700108	5.567
0.550169551311	5.568
0.550569436974	5.569
0.550969357041	5.57
0.551369311454	5.571
0.551769300155	5.572
0.552169323088	5.573
0.552569380194	5.574
0.552969471416	5.575
0.553369596698	5.576
0.553769755981	5.577
0.554169949209	5.578
0.554570176323	5.579
0.554970437267	5.58
0.555370731983	5.581
0.555771060413	5.582
0.556171422502	5.583
0.55657181819	5.584
0.556972247422	5.585
0.557372710139	5.586
0.557773206284	5.587
0.5581737358	5.588
0.55857429863	5.589
0.558974894716	5.59
0.559375524002	5.591
0.559776186429	5.592
0.560176881941	5.593
0.56057761048	5.594
0.56097837199	5.595
0.561379166412	5.596
0.56177999369	5.597
0.562180853766	5.598
0.562581746584	5.599
0.562982672085	5.6
0.563383630214	5.601
0.563784620912	5.602
0.564185644123	5.603
0.564586699789	5.604
0.564987787853	5.605
0.565388908258	5.606
0.565790060947	5.607
0.566191245862	5.608
0.566592462948	5.609
0.566993712145	5.61
0.567394993398	5.611
0.56779630665	5.612
0.568197651842	5.613
0.568599028919	5.614
0.569000437823	5.615
0.569401878496	5.616
0.569803350883	5.617
0.570204854925	5.618
0.570606390567	5.619
0.57100795775	5.62
0.571409556418	5.621
0.571811186513	5.622
0.57221284798	5.623
0.57261454076	5.624
0.573016264797	5.625
0.573418020034	5.626
0.573819806413	5.627
0.574221623879	5.628
0.574623472374	5.629
0.57502535184	5.63
0.575427262222	5.631
0.575829203462	5.632
0.576231175503	5.633
0.576633178289	5.634
0.577035211762	5.635
0.577437275866	5.636
0.577839370544	5.637
0.578241495738	5.638
0.578643651393	5.639
0.579045837451	5.64
0.579448053855	5.641
0.579850300549	5.642
0.580252577476	5.643
0.580654884579	5.644
0.581057221801	5.645
0.581459589085	5.646
0.581861986375	5.647
0.582264413615	5.648
0.582666870746	5.649
0.583069357713	5.65
0.583471874459	5.651
0.583874420926	5.652
0.584276997059	5.653
0.584679602801	5.654
0.585082238095	5.655
0.585484902884	5.656
0.585887597112	5.657
0.586290320722	5.658
0.586693073658	5.659
0.587095855862	5.66
0.587498667278	5.661
0.58790150785	5.662
0.588304377521	5.663
0.588707276235	5.664
0.589110203934	5.665
0.589513160563	5.666
0.589916146064	5.667
0.590319160382	5.668
0.590722203459	5.669
0.59112527524	5.67
0.591528375668	5.671
0.591931504686	5.672
0.592334662237	5.673
0.592737848266	5.674
0.593141062716	5.675
0.593544305531	5.676
0.593947576653	5.677
0.594350876028	5.678
0.594754203597	5.679
0.595157559305	5.68
0.595560943096	5.681
0.595964354913	5.682
0.5963677947	5.683
0.5967712624	5.684
0.597174757958	5.685
0.597578281316	5.686
0.597981832419	5.687
0.59838541121	5.688
0.598789017633	5.689
0.599192651632	5.69
0.59959631315	5.691
0.600000002132	5.692
0.60040371852	5.693
0.60080746226	5.694
0.601211233294	5.695
0.601615031567	5.696
0.602018857022	5.697
0.602422709603	5.698
0.602826589254	5.699
0.603230495919	5.7
0.603634429542	5.701
0.604038390066	5.702
0.604442377436	5.703
0.604846391596	5.704
0.605250432488	5.705
0.605654500059	5.706
0.606058594251	5.707
0.606462715008	5.708
0.606866862274	5.709
0.607271035994	5.71
0.607675236111	5.711
0.60807946257	5.712
0.608483715314	5.713
0.608887994287	5.714
0.609292299435	5.715
0.6096966307	5.716
0.610100988026	5.717
0.610505371359	5.718
0.610909780642	5.719
0.611314215819	5.72
0.611718676834	5.721
0.612123163632	5.722
0.612527676157	5.723
0.612932214352	5.724
0.613336778163	5.725
0.613741367533	5.726
0.614145982407	5.727
0.614550622729	5.728
0.614955288443	5.729
0.615359979493	5.73
0.615764695825	5.731
0.616169437381	5.732
0.616574204107	5.733
0.616978995947	5.734
0.617383812845	5.735
0.617788654746	5.736
0.618193521594	5.737
0.618598413333	5.738
0.619003329908	5.739
0.619408271263	5.74
0.619813237343	5.741
0.620218228092	5.742
0.620623243455	5.743
0.621028283376	5.744
0.6214333478	5.745
0.621838436671	5.746
0.622243549934	5.747
0.622648687534	5.748
0.623053849414	5.749
0.62345903552	5.75
0.623864245797	5.751
0.624269480188	5.752
0.624674738638	5.753
0.625080021093	5.754
0.625485327497	5.755
0.625890657794	5.756
0.62629601193	5.757
0.626701389848	5.758
0.627106791494	5.759
0.627512216813	5.76
0.627917665749	5.761
0.628323138247	5.762
0.628728634252	5.763
0.629134153709	5.764
0.629539696562	5.765
0.629945262757	5.766
0.630350852238	5.767
0.63075646495	5.768
0.631162100838	5.769
0.631567759848	5.77
0.631973441923	5.771
0.632379147009	5.772
0.632784875051	5.773
0.633190625994	5.774
0.633596399783	5.775
0.634002196363	5.776
0.634408015679	5.777
0.634813857676	5.778
0.6352197223	5.779
0.635625609494	5.78
0.636031519205	5.781
0.636437451377	5.782
0.636843405956	5.783
0.637249382887	5.784
0.637655382115	5.785
0.638061403585	5.786
0.638467447242	5.787
0.638873513032	5.788
0.6392796009	5.789
0.639685710791	5.79
0.640091842651	5.791
0.640497996424	5.792
0.640904172057	5.793
0.641310369494	5.794
0.641716588681	5.795
0.642122829563	5.796
0.642529092086	5.797
0.642935376194	5.798
0.643341681834	5.799
0.643748008952	5.8
0.644154357491	5.801
0.644560727398	5.802
0.644967118619	5.803
0.645373531099	5.804
0.645779964783	5.805
0.646186419617	5.806
0.646592895547	5.807
0.646999392518	5.808
0.647405910476	5.809
0.647812449366	5.81
0.648219009135	5.811
0.648625589727	5.812
0.649032191089	5.813
0.649438813166	5.814
0.649845455904	5.815
0.650252119248	5.816
0.650658803145	5.817
0.651065507541	5.818
0.65147223238	5.819
0.65187897761	5.82
0.652285743175	5.821
0.652692529021	5.822
0.653099335096	5.823
0.653506161343	5.824
0.65391300771	5.825
0.654319874142	5.826
0.654726760586	5.827
0.655133666987	5.828
0.655540593291	5.829
0.655947539444	5.83
0.656354505392	5.831
0.656761491082	5.832
0.657168496459	5.833
0.65757552147	5.834
0.657982566061	5.835
0.658389630177	5.836
0.658796713765	5.837
0.659203816772	5.838
0.659610939142	5.839
0.660018080824	5.84
0.660425241762	5.841
0.660832421903	5.842
0.661239621194	5.843
0.66164683958	5.844
0.662054077009	5.845
0.662461333425	5.846
0.662868608777	5.847
0.663275903009	5.848
0.663683216069	5.849
0.664090547903	5.85
0.664497898457	5.851
0.664905267678	5.852
0.665312655512	5.853
0.665720061906	5.854
0.666127486807	5.855
0.66653493016	5.856
0.666942391913	5.857
0.667349872012	5.858
0.667757370404	5.859
0.668164887035	5.86
0.668572421852	5.861
0.668979974802	5.862
0.669387545831	5.863
0.669795134886	5.864
0.670202741914	5.865
0.670610366861	5.866
0.671018009675	5.867
0.671425670302	5.868
0.671833348689	5.869
0.672241044783	5.87
0.672648758531	5.871
0.673056489879	5.872
0.673464238774	5.873
0.673872005165	5.874
0.674279788996	5.875
0.674687590216	5.876
0.675095408771	5.877
0.675503244609	5.878
0.675911097676	5.879
0.67631896792	5.88
0.676726855287	5.881
0.677134759725	5.882
0.677542681181	5.883
0.677950619602	5.884
0.678358574934	5.885
0.678766547127	5.886
0.679174536126	5.887
0.679582541878	5.888
0.679990564332	5.889
0.680398603435	5.89
0.680806659132	5.891
0.681214731373	5.892
0.681622820105	5.893
0.682030925274	5.894
0.682439046828	5.895
0.682847184715	5.896
0.683255338882	5.897
0.683663509276	5.898
0.684071695846	5.899
0.684479898538	5.9
0.6848881173	5.901
0.685296352079	5.902
0.685704602824	5.903
0.686112869481	5.904
0.686521151999	5.905
0.686929450325	5.906
0.687337764407	5.907
0.687746094192	5.908
0.688154439629	5.909
0.688562800664	5.91
0.688971177246	5.911
0.689379569323	5.912
0.689787976841	5.913
0.69019639975	5.914
0.690604837997	5.915
0.69101329153	5.916
0.691421760297	5.917
0.691830244245	5.918
0.692238743323	5.919
0.692647257479	5.92
0.69305578666	5.921
0.693464330815	5.922
0.693872889892	5.923
0.694281463839	5.924
0.694690052604	5.925
0.695098656134	5.926
0.695507274379	5.927
0.695915907287	5.928
0.696324554804	5.929
0.696733216881	5.93
0.697141893465	5.931
0.697550584504	5.932
0.697959289947	5.933
0.698368009741	5.934
0.698776743836	5.935
0.69918549218	5.936
0.69959425472	5.937
0.700003031406	5.938
0.700411822186	5.939
0.700820627008	5.94
0.701229445821	5.941
0.701638278574	5.942
0.702047125214	5.943
0.702455985691	5.944
0.702864859953	5.945
0.703273747948	5.946
0.703682649626	5.947
0.704091564935	5.948
0.704500493824	5.949
0.70490943624	5.95
0.705318392135	5.951
0.705727361454	5.952
0.706136344149	5.953
0.706545340167	5.954
0.706954349457	5.955
0.707363371969	5.956
0.707772407651	5.957
0.708181456451	5.958
0.70859051832	5.959
0.708999593206	5.96
0.709408681057	5.961
0.709817781823	5.962
0.710226895454	5.963
0.710636021897	5.964
0.711045161103	5.965
0.71145431302	5.966
0.711863477597	5.967
0.712272654784	5.968
0.712681844529	5.969
0.713091046783	5.97
0.713500261493	5.971
0.713909488611	5.972
0.714318728084	5.973
0.714727979862	5.974
0.715137243895	5.975
0.715546520132	5.976
0.715955808522	5.977
0.716365109015	5.978
0.71677442156	5.979
0.717183746106	5.98
0.717593082604	5.981
0.718002431003	5.982
0.718411791252	5.983
0.718821163301	5.984
0.719230547099	5.985
0.719639942596	5.986
0.720049349743	5.987
0.720458768488	5.988
0.720868198781	5.989
0.721277640572	5.99
0.721687093811	5.991
0.722096558447	5.992
0.722506034431	5.993
0.722915521712	5.994
0.723325020241	5.995
0.723734529966	5.996
0.724144050839	5.997
0.724553582808	5.998
0.724963125824	5.999
0.725372679838	6.0
0.725782244798	6.001
0.726191820656	6.002
0.726601407361	6.003
0.727011004863	6.004
0.727420613113	6.005
0.72783023206	6.006
0.728239861656	6.007
0.728649501849	6.008
0.729059152591	6.009
0.729468813832	6.01
0.729878485521	6.011
0.730288167611	6.012
0.730697860049	6.013
0.731107562788	6.014
0.731517275778	6.015
0.731926998969	6.016
0.732336732311	6.017
0.732746475756	6.018
0.733156229253	6.019
0.733565992753	6.02
0.733975766207	6.021
0.734385549565	6.022
0.734795342779	6.023
0.735205145798	6.024
0.735614958574	6.025
0.736024781057	6.026
0.736434613198	6.027
0.736844454948	6.028
0.737254306258	6.029
0.737664167078	6.03
0.738074037359	6.031
0.738483917053	6.032
0.738893806109	6.033
0.73930370448	6.034
0.739713612117	6.035
0.740123528969	6.036
0.740533454989	6.037
0.740943390127	6.038
0.741353334334	6.039
0.741763287562	6.04
0.742173249762	6.041
0.742583220885	6.042
0.742993200882	6.043
0.743403189704	6.044
0.743813187304	6.045
0.744223193631	6.046
0.744633208638	6.047
0.745043232275	6.048
0.745453264495	6.049
0.745863305248	6.05
0.746273354486	6.051
0.746683412161	6.052
0.747093478224	6.053
0.747503552626	6.054
0.74791363532	6.055
0.748323726256	6.056
0.748733825387	6.057
0.749143932664	6.058
0.749554048039	6.059
0.749964171463	6.06
0.750374302889	6.061
0.750784442267	6.062
0.751194589551	6.063
0.751604744691	6.064
0.75201490764	6.065
0.752425078349	6.066
0.75283525677	6.067
0.753245442856	6.068
0.753655636559	6.069
0.754065837829	6.07
0.754476046621	6.071
0.754886262884	6.072
0.755296486573	6.073
0.755706717638	6.074
0.756116956032	6.075
0.756527201707	6.076
0.756937454616	6.077
0.75734771471	6.078
0.757757981942	6.079
0.758168256264	6.08
0.758578537629	6.081
0.758988825989	6.082
0.759399121297	6.083
0.759809423504	6.084
0.760219732564	6.085
0.760630048428	6.086
0.76104037105	6.087
0.761450700381	6.088
0.761861036375	6.089
0.762271378985	6.09
0.762681728162	6.091
0.76309208386	6.092
0.76350244603	6.093
0.763912814627	6.094
0.764323189603	6.095
0.76473357091	6.096
0.765143958501	6.097
0.76555435233	6.098
0.765964752349	6.099
0.766375158511	6.1
0.76678557077	6.101
0.767195989077	6.102
0.767606413386	6.103
0.768016843651	6.104
0.768427279824	6.105
0.768837721858	6.106
0.769248169706	6.107
0.769658623323	6.108
0.77006908266	6.109
0.770479547672	6.11
0.770890018311	6.111
0.771300494531	6.112
0.771710976285	6.113
0.772121463526	6.114
0.772531956208	6.115
0.772942454285	6.116
0.77335295771	6.117
0.773763466435	6.118
0.774173980416	6.119
0.774584499605	6.12
0.774995023956	6.121
0.775405553423	6.122
0.775816087958	6.123
0.776226627517	6.124
0.776637172053	6.125
0.777047721519	6.126
0.777458275869	6.127
0.777868835057	6.128
0.778279399038	6.129
0.778689967764	6.13
0.779100541189	6.131
0.779511119269	6.132
0.779921701956	6.133
0.780332289204	6.134
0.780742880969	6.135
0.781153477203	6.136
0.781564077861	6.137
0.781974682897	6.138
0.782385292265	6.139
0.782795905919	6.14
0.783206523814	6.141
0.783617145904	6.142
0.784027772144	6.143
0.784438402486	6.144
0.784849036887	6.145
0.7852596753	6.146
0.78567031768	6.147
0.786080963981	6.148
0.786491614157	6.149
0.786902268164	6.15
0.787312925956	6.151
0.787723587487	6.152
0.788134252712	6.153
0.788544921586	6.154
0.788955594063	6.155
0.789366270098	6.156
0.789776949646	6.157
0.790187632662	6.158
0.7905983191	6.159
0.791009008916	6.16
0.791419702064	6.161
0.791830398499	6.162
0.792241098176	6.163
0.792651801051	6.164
0.793062507077	6.165
0.793473216211	6.166
0.793883928407	6.167
0.794294643621	6.168
0.794705361807	6.169
0.795116082921	6.17
0.795526806918	6.171
0.795937533753	6.172
0.796348263382	6.173
0.79675899576	6.174
0.797169730842	6.175
0.797580468584	6.176
0.79799120894	6.177
0.798401951868	6.178
0.798812697321	6.179
0.799223445256	6.18
0.799634195628	6.181
0.800044948393	6.182
0.800455703507	6.183
0.800866460924	6.184
0.801277220601	6.185
0.801687982494	6.186
0.802098746558	6.187
0.802509512749	6.188
0.802920281022	6.189
0.803331051335	6.19
0.803741823642	6.191
0.8041525979	6.192
0.804563374064	6.193
0.804974152091	6.194
0.805384931937	6.195
0.805795713557	6.196
0.806206496908	6.197
0.806617281946	6.198
0.807028068627	6.199
0.807438856908	6.2
0.807849646744	6.201
0.808260438092	6.202
0.808671230908	6.203
0.809082025148	6.204
0.80949282077	6.205
0.809903617729	6.206
0.810314415981	6.207
0.810725215484	6.208
0.811136016194	6.209
0.811546818067	6.21
0.81195762106	6.211
0.81236842513	6.212
0.812779230233	6.213
0.813190036325	6.214
0.813600843365	6.215
0.814011651308	6.216
0.814422460111	6.217
0.814833269731	6.218
0.815244080125	6.219
0.81565489125	6.22
0.816065703063	6.221
0.816476515521	6.222
0.81688732858	6.223
0.817298142198	6.224
0.817708956332	6.225
0.81811977094	6.226
0.818530585977	6.227
0.818941401402	6.228
0.819352217171	6.229
0.819763033242	6.23
0.820173849572	6.231
0.820584666119	6.232
0.82099548284	6.233
0.821406299692	6.234
0.821817116632	6.235
0.822227933619	6.236
0.822638750609	6.237
0.823049567561	6.238
0.823460384431	6.239
0.823871201178	6.24
0.824282017759	6.241
0.824692834131	6.242
0.825103650253	6.243
0.825514466082	6.244
0.825925281577	6.245
0.826336096694	6.246
0.826746911391	6.247
0.827157725627	6.248
0.82756853936	6.249
0.827979352548	6.25
0.828390165147	6.251
0.828800977118	6.252
0.829211788417	6.253
0.829622599002	6.254
0.830033408833	6.255
0.830444217867	6.256
0.830855026061	6.257
0.831265833376	6.258
0.831676639768	6.259
0.832087445197	6.26
0.83249824962	6.261
0.832909052996	6.262
0.833319855284	6.263
0.833730656441	6.264
0.834141456427	6.265
0.834552255199	6.266
0.834963052718	6.267
0.83537384894	6.268
0.835784643825	6.269
0.836195437332	6.27
0.836606229419	6.271
0.837017020045	6.272
0.837427809169	6.273
0.837838596749	6.274
0.838249382745	6.275
0.838660167115	6.276
0.839070949819	6.277
0.839481730815	6.278
0.839892510063	6.279
0.840303287521	6.28
0.840714063149	6.281
0.841124836905	6.282
0.841535608749	6.283
0.841946378641	6.284
0.842357146538	6.285
0.842767912402	6.286
0.84317867619	6.287
0.843589437862	6.288
0.844000197379	6.289
0.844410954698	6.29
0.84482170978	6.291
0.845232462584	6.292
0.84564321307	6.293
0.846053961196	6.294
0.846464706924	6.295
0.846875450212	6.296
0.847286191021	6.297
0.847696929309	6.298
0.848107665037	6.299
0.848518398164	6.3
0.848929128651	6.301
0.849339856457	6.302
0.849750581542	6.303
0.850161303866	6.304
0.850572023389	6.305
0.850982740071	6.306
0.851393453872	6.307
0.851804164753	6.308
0.852214872673	6.309
0.852625577592	6.31
0.853036279471	6.311
0.853446978271	6.312
0.85385767395	6.313
0.85426836647	6.314
0.854679055792	6.315
0.855089741874	6.316
0.855500424678	6.317
0.855911104165	6.318
0.856321780295	6.319
0.856732453028	6.32
0.857143122325	6.321
0.857553788146	6.322
0.857964450453	6.323
0.858375109206	6.324
0.858785764365	6.325
0.859196415892	6.326
0.859607063748	6.327
0.860017707892	6.328
0.860428348287	6.329
0.860838984893	6.33
0.86124961767	6.331
0.861660246581	6.332
0.862070871585	6.333
0.862481492645	6.334
0.862892109721	6.335
0.863302722774	6.336
0.863713331766	6.337
0.864123936658	6.338
0.864534537411	6.339
0.864945133987	6.34
0.865355726346	6.341
0.86576631445	6.342
0.866176898261	6.343
0.86658747774	6.344
0.866998052849	6.345
0.867408623549	6.346
0.867819189801	6.347
0.868229751568	6.348
0.868640308811	6.349
0.869050861491	6.35
0.869461409571	6.351
0.869871953012	6.352
0.870282491777	6.353
0.870693025826	6.354
0.871103555121	6.355
0.871514079626	6.356
0.871924599301	6.357
0.872335114109	6.358
0.872745624012	6.359
0.873156128971	6.36
0.873566628949	6.361
0.873977123909	6.362
0.874387613811	6.363
0.87479809862	6.364
0.875208578296	6.365
0.875619052802	6.366
0.8760295221	6.367
0.876439986154	6.368
0.876850444925	6.369
0.877260898376	6.37
0.877671346469	6.371
0.878081789166	6.372
0.878492226432	6.373
0.878902658227	6.374
0.879313084515	6.375
0.879723505259	6.376
0.880133920421	6.377
0.880544329964	6.378
0.88095473385	6.379
0.881365132043	6.38
0.881775524506	6.381
0.882185911202	6.382
0.882596292093	6.383
0.883006667142	6.384
0.883417036314	6.385
0.883827399569	6.386
0.884237756873	6.387
0.884648108188	6.388
0.885058453477	6.389
0.885468792703	6.39
0.88587912583	6.391
0.886289452822	6.392
0.886699773641	6.393
0.887110088251	6.394
0.887520396615	6.395
0.887930698697	6.396
0.88834099446	6.397
0.888751283869	6.398
0.889161566886	6.399
0.889571843476	6.4
0.889982113601	6.401
0.890392377226	6.402
0.890802634314	6.403
0.89121288483	6.404
0.891623128737	6.405
0.892033365999	6.406
0.89244359658	6.407
0.892853820444	6.408
0.893264037554	6.409
0.893674247876	6.41
0.894084451373	6.411
0.894494648009	6.412
0.894904837748	6.413
0.895315020555	6.414
0.895725196394	6.415
0.896135365229	6.416
0.896545527024	6.417
0.896955681745	6.418
0.897365829354	6.419
0.897775969817	6.42
0.898186103099	6.421
0.898596229163	6.422
0.899006347974	6.423
0.899416459497	6.424
0.899826563697	6.425
0.900236660538	6.426
0.900646749985	6.427
0.901056832003	6.428
0.901466906556	6.429
0.90187697361	6.43
0.902287033129	6.431
0.902697085078	6.432
0.903107129422	6.433
0.903517166127	6.434
0.903927195157	6.435
0.904337216477	6.436
0.904747230053	6.437
0.90515723585	6.438
0.905567233832	6.439
0.905977223966	6.44
0.906387206216	6.441
0.906797180547	6.442
0.907207146926	6.443
0.907617105318	6.444
0.908027055687	6.445
0.908436998	6.446
0.908846932222	6.447
0.909256858319	6.448
0.909666776256	6.449
0.910076685999	6.45
0.910486587514	6.451
0.910896480766	6.452
0.911306365721	6.453
0.911716242345	6.454
0.912126110604	6.455
0.912535970464	6.456
0.91294582189	6.457
0.913355664849	6.458
0.913765499307	6.459
0.914175325229	6.46
0.914585142583	6.461
0.914994951333	6.462
0.915404751447	6.463
0.91581454289	6.464
0.916224325629	6.465
0.916634099629	6.466
0.917043864859	6.467
0.917453621283	6.468
0.917863368868	6.469
0.918273107581	6.47
0.918682837388	6.471
0.919092558256	6.472
0.919502270151	6.473
0.919911973041	6.474
0.920321666891	6.475
0.920731351668	6.476
0.92114102734	6.477
0.921550693872	6.478
0.921960351233	6.479
0.922369999388	6.48
0.922779638305	6.481
0.92318926795	6.482
0.923598888291	6.483
0.924008499295	6.484
0.924418100928	6.485
0.924827693158	6.486
0.925237275953	6.487
0.925646849278	6.488
0.926056413103	6.489
0.926465967393	6.49
0.926875512116	6.491
0.92728504724	6.492
0.927694572732	6.493
0.928104088559	6.494
0.928513594689	6.495
0.92892309109	6.496
0.929332577729	6.497
0.929742054573	6.498
0.930151521591	6.499
0.93056097875	6.5
0.930970426018	6.501
0.931379863363	6.502
0.931789290752	6.503
0.932198708153	6.504
0.932608115535	6.505
0.933017512865	6.506
0.933426900111	6.507
0.933836277241	6.508
0.934245644224	6.509
0.934655001028	6.51
0.93506434762	6.511
0.935473683969	6.512
0.935883010043	6.513
0.93629232581	6.514
0.936701631239	6.515
0.937110926299	6.516
0.937520210957	6.517
0.937929485182	6.518
0.938338748942	6.519
0.938748002207	6.52
0.939157244944	6.521
0.939566477123	6.522
0.939975698711	6.523
0.940384909679	6.524
0.940794109993	6.525
0.941203299624	6.526
0.94161247854	6.527
0.94202164671	6.528
0.942430804102	6.529
0.942839950687	6.53
0.943249086432	6.531
0.943658211307	6.532
0.944067325281	6.533
0.944476428323	6.534
0.944885520402	6.535
0.945294601488	6.536
0.94570367155	6.537
0.946112730556	6.538
0.946521778477	6.539
0.946930815282	6.54
0.947339840939	6.541
0.94774885542	6.542
0.948157858692	6.543
0.948566850726	6.544
0.948975831492	6.545
0.949384800958	6.546
0.949793759095	6.547
0.950202705872	6.548
0.950611641259	6.549
0.951020565226	6.55
0.951429477743	6.551
0.95183837878	6.552
0.952247268305	6.553
0.952656146291	6.554
0.953065012706	6.555
0.95347386752	6.556
0.953882710704	6.557
0.954291542228	6.558
0.954700362061	6.559
0.955109170175	6.56
0.95551796654	6.561
0.955926751125	6.562
0.956335523901	6.563
0.956744284839	6.564
0.957153033908	6.565
0.95756177108	6.566
0.957970496325	6.567
0.958379209614	6.568
0.958787910916	6.569
0.959196600204	6.57
0.959605277447	6.571
0.960013942615	6.572
0.960422595681	6.573
0.960831236615	6.574
0.961239865387	6.575
0.961648481969	6.576
0.962057086331	6.577
0.962465678445	6.578
0.962874258281	6.579
0.96328282581	6.58
0.963691381004	6.581
0.964099923834	6.582
0.964508454272	6.583
0.964916972287	6.584
0.965325477852	6.585
0.965733970937	6.586
0.966142451515	6.587
0.966550919557	6.588
0.966959375033	6.589
0.967367817916	6.59
0.967776248178	6.591
0.968184665789	6.592
0.968593070721	6.593
0.969001462946	6.594
0.969409842436	6.595
0.969818209162	6.596
0.970226563097	6.597
0.970634904212	6.598
0.971043232478	6.599
0.971451547869	6.6
0.971859850355	6.601
0.97226813991	6.602
0.972676416504	6.603
0.97308468011	6.604
0.9734929307	6.605
0.973901168246	6.606
0.974309392721	6.607
0.974717604097	6.608
0.975125802346	6.609
0.97553398744	6.61
0.975942159353	6.611
0.976350318055	6.612
0.97675846352	6.613
0.97716659572	6.614
0.977574714629	6.615
0.977982820217	6.616
0.978390912459	6.617
0.978798991327	6.618
0.979207056793	6.619
0.97961510883	6.62
0.980023147411	6.621
0.980431172509	6.622
0.980839184098	6.623
0.981247182149	6.624
0.981655166635	6.625
0.982063137531	6.626
0.982471094809	6.627
0.982879038441	6.628
0.983286968402	6.629
0.983694884664	6.63
0.984102787201	6.631
0.984510675986	6.632
0.984918550992	6.633
0.985326412192	6.634
0.985734259561	6.635
0.986142093071	6.636
0.986549912697	6.637
0.98695771841	6.638
0.987365510186	6.639
0.987773287998	6.64
0.98818105182	6.641
0.988588801624	6.642
0.988996537386	6.643
0.989404259078	6.644
0.989811966675	6.645
0.990219660151	6.646
0.990627339479	6.647
0.991035004633	6.648
0.991442655588	6.649
0.991850292318	6.65
0.992257914796	6.651
0.992665522997	6.652
0.993073116894	6.653
0.993480696463	6.654
0.993888261678	6.655
0.994295812512	6.656
0.994703348941	6.657
0.995110870938	6.658
0.995518378479	6.659
0.995925871536	6.66
0.996333350086	6.661
0.996740814103	6.662
0.997148263561	6.663
0.997555698435	6.664
0.997963118699	6.665
0.998370524329	6.666
0.9987779153	6.667
0.999185291585	6.668
0.99959265316	6.669
