0.0	6.67
0.000531449968845	6.671
0.00106291400783	6.672
0.00159439211998	6.673
0.00212588430833	6.674
0.00265739057593	6.675
0.00318891092581	6.676
0.00372044536101	6.677
0.00425199388458	6.678
0.00478355649956	6.679
0.00531513320901	6.68
0.00584672401597	6.681
0.00637832892351	6.682
0.00690994793467	6.683
0.00744158105251	6.684
0.0079732282801	6.685
0.0085048896205	6.686
0.00903656507677	6.687
0.00956825465198	6.688
0.0100999583492	6.689
0.0106316761715	6.69
0.011163408122	6.691
0.0116951542037	6.692
0.0122269144197	6.693
0.0127586887731	6.694
0.013290477267	6.695
0.0138222799045	6.696
0.0143540966886	6.697
0.0148859276225	6.698
0.0154177727092	6.699
0.0159496319518	6.7
0.0164815053535	6.701
0.0170133929173	6.702
0.0175452946464	6.703
0.0180772105438	6.704
0.0186091406126	6.705
0.019141084856	6.706
0.0196730432771	6.707
0.0202050158789	6.708
0.0207370026647	6.709
0.0212690036375	6.71
0.0218010188004	6.711
0.0223330481565	6.712
0.0228650917091	6.713
0.0233971494612	6.714
0.0239292214159	6.715
0.0244613075764	6.716
0.0249934079458	6.717
0.0255255225272	6.718
0.0260576513239	6.719
0.0265897943388	6.72
0.0271219515753	6.721
0.0276541230363	6.722
0.0281863087251	6.723
0.0287185086449	6.724
0.0292507227986	6.725
0.0297829511897	6.726
0.0303151938211	6.727
0.030847450696	6.728
0.0313797218176	6.729
0.0319120071891	6.73
0.0324443068136	6.731
0.0329766206944	6.732
0.0335089488345	6.733
0.0340412912371	6.734
0.0345736479054	6.735
0.0351060188427	6.736
0.035638404052	6.737
0.0361708035365	6.738
0.0367032172995	6.739
0.0372356453441	6.74
0.0377680876736	6.741
0.038300544291	6.742
0.0388330151996	6.743
0.0393655004026	6.744
0.0398979999032	6.745
0.0404305137046	6.746
0.04096304181	6.747
0.0414955842225	6.748
0.0420281409455	6.749
0.042560711982	6.75
0.0430932973354	6.751
0.0436258970088	6.752
0.0441585110054	6.753
0.0446911393285	6.754
0.0452237819813	6.755
0.045756438967	6.756
0.0462891102888	6.757
0.0468217959499	6.758
0.0473544959536	6.759
0.0478872103031	6.76
0.0484199390017	6.761
0.0489526820525	6.762
0.0494854394589	6.763
0.0500182112239	6.764
0.050550997351	6.765
0.0510837978433	6.766
0.0516166127041	6.767
0.0521494419366	6.768
0.0526822855441	6.769
0.0532151435298	6.77
0.053748015897	6.771
0.0542809026489	6.772
0.0548138037888	6.773
0.05534671932	6.774
0.0558796492457	6.775
0.0564125935691	6.776
0.0569455522936	6.777
0.0574785254225	6.778
0.0580115129589	6.779
0.0585445149062	6.78
0.0590775312676	6.781
0.0596105620464	6.782
0.0601436072459	6.783
0.0606766668694	6.784
0.0612097409202	6.785
0.0617428294015	6.786
0.0622759323166	6.787
0.0628090496689	6.788
0.0633421814616	6.789
0.063875327698	6.79
0.0644084883814	6.791
0.0649416635151	6.792
0.0654748531024	6.793
0.0660080571466	6.794
0.0665412756511	6.795
0.0670745086191	6.796
0.0676077560539	6.797
0.0681410179588	6.798
0.0686742943372	6.799
0.0692075851924	6.8
0.0697408905277	6.801
0.0702742103464	6.802
0.0708075446518	6.803
0.0713408934473	6.804
0.0718742567362	6.805
0.0724076345218	6.806
0.0729410268074	6.807
0.0734744335965	6.808
0.0740078548922	6.809
0.074541290698	6.81
0.0750747410171	6.811
0.075608205853	6.812
0.076141685209	6.813
0.0766751790884	6.814
0.0772086874945	6.815
0.0777422104308	6.816
0.0782757479005	6.817
0.0788092999071	6.818
0.0793428664538	6.819
0.079876447544	6.82
0.0804100431812	6.821
0.0809436533686	6.822
0.0814772781096	6.823
0.0820109174076	6.824
0.082544571266	6.825
0.083078239688	6.826
0.0836119226772	6.827
0.0841456202368	6.828
0.0846793323703	6.829
0.085213059081	6.83
0.0857468003723	6.831
0.0862805562476	6.832
0.0868143267103	6.833
0.0873481117637	6.834
0.0878819114113	6.835
0.0884157256564	6.836
0.0889495545024	6.837
0.0894833979527	6.838
0.0900172560108	6.839
0.09055112868	6.84
0.0910850159637	6.841
0.0916189178653	6.842
0.0921528343882	6.843
0.0926867655359	6.844
0.0932207113117	6.845
0.0937546717191	6.846
0.0942886467614	6.847
0.0948226364422	6.848
0.0953566407647	6.849
0.0958906597324	6.85
0.0964246933488	6.851
0.0969587416172	6.852
0.0974928045411	6.853
0.0980268821239	6.854
0.0985609743691	6.855
0.09909508128	6.856
0.0996292028602	6.857
0.100163339113	6.858
0.100697490042	6.859
0.10123165565	6.86
0.101765835941	6.861
0.102300030919	6.862
0.102834240587	6.863
0.103368464948	6.864
0.103902704005	6.865
0.104436957763	6.866
0.104971226225	6.867
0.105505509393	6.868
0.106039807272	6.869
0.106574119865	6.87
0.107108447176	6.871
0.107642789207	6.872
0.108177145963	6.873
0.108711517447	6.874
0.109245903662	6.875
0.109780304612	6.876
0.110314720301	6.877
0.110849150731	6.878
0.111383595906	6.879
0.11191805583	6.88
0.112452530506	6.881
0.112987019938	6.882
0.113521524129	6.883
0.114056043082	6.884
0.114590576802	6.885
0.115125125292	6.886
0.115659688554	6.887
0.116194266593	6.888
0.116728859412	6.889
0.117263467015	6.89
0.117798089405	6.891
0.118332726586	6.892
0.11886737856	6.893
0.119402045333	6.894
0.119936726906	6.895
0.120471423284	6.896
0.12100613447	6.897
0.121540860468	6.898
0.122075601281	6.899
0.122610356913	6.9
0.123145127367	6.901
0.123679912647	6.902
0.124214712756	6.903
0.124749527698	6.904
0.125284357476	6.905
0.125819202094	6.906
0.126354061555	6.907
0.126888935863	6.908
0.127423825022	6.909
0.127958729034	6.91
0.128493647904	6.911
0.129028581636	6.912
0.129563530231	6.913
0.130098493695	6.914
0.130633472031	6.915
0.131168465242	6.916
0.131703473331	6.917
0.132238496303	6.918
0.132773534161	6.919
0.133308586909	6.92
0.133843654549	6.921
0.134378737086	6.922
0.134913834523	6.923
0.135448946864	6.924
0.135984074112	6.925
0.13651921627	6.926
0.137054373344	6.927
0.137589545335	6.928
0.138124732248	6.929
0.138659934085	6.93
0.139195150852	6.931
0.139730382551	6.932
0.140265629185	6.933
0.140800890759	6.934
0.141336167276	6.935
0.14187145874	6.936
0.142406765154	6.937
0.142942086521	6.938
0.143477422846	6.939
0.144012774132	6.94
0.144548140383	6.941
0.145083521602	6.942
0.145618917792	6.943
0.146154328958	6.944
0.146689755102	6.945
0.14722519623	6.946
0.147760652343	6.947
0.148296123446	6.948
0.148831609543	6.949
0.149367110636	6.95
0.149902626731	6.951
0.150438157829	6.952
0.150973703935	6.953
0.151509265053	6.954
0.152044841186	6.955
0.152580432337	6.956
0.153116038511	6.957
0.153651659711	6.958
0.15418729594	6.959
0.154722947203	6.96
0.155258613502	6.961
0.155794294842	6.962
0.156329991226	6.963
0.156865702658	6.964
0.157401429141	6.965
0.157937170679	6.966
0.158472927276	6.967
0.159008698935	6.968
0.159544485661	6.969
0.160080287455	6.97
0.160616104323	6.971
0.161151936268	6.972
0.161687783294	6.973
0.162223645404	6.974
0.162759522601	6.975
0.16329541489	6.976
0.163831322275	6.977
0.164367244758	6.978
0.164903182344	6.979
0.165439135036	6.98
0.165975102838	6.981
0.166511085753	6.982
0.167047083786	6.983
0.167583096939	6.984
0.168119125217	6.985
0.168655168623	6.986
0.169191227161	6.987
0.169727300835	6.988
0.170263389648	6.989
0.170799493604	6.99
0.171335612707	6.991
0.17187174696	6.992
0.172407896367	6.993
0.172944060931	6.994
0.173480240657	6.995
0.174016435549	6.996
0.174552645609	6.997
0.175088870841	6.998
0.17562511125	6.999
0.176161366838	7.0
0.17669763761	7.001
0.17723392357	7.002
0.17777022472	7.003
0.178306541066	7.004
0.178842872609	7.005
0.179379219355	7.006
0.179915581306	7.007
0.180451958468	7.008
0.180988350842	7.009
0.181524758434	7.01
0.182061181246	7.011
0.182597619282	7.012
0.183134072547	7.013
0.183670541044	7.014
0.184207024776	7.015
0.184743523748	7.016
0.185280037963	7.017
0.185816567425	7.018
0.186353112137	7.019
0.186889672103	7.02
0.187426247328	7.021
0.187962837814	7.022
0.188499443566	7.023
0.189036064587	7.024
0.189572700881	7.025
0.190109352452	7.026
0.190646019303	7.027
0.191182701439	7.028
0.191719398862	7.029
0.192256111578	7.03
0.192792839589	7.031
0.193329582899	7.032
0.193866341512	7.033
0.194403115432	7.034
0.194939904662	7.035
0.195476709207	7.036
0.19601352907	7.037
0.196550364255	7.038
0.197087214765	7.039
0.197624080605	7.04
0.198160961777	7.041
0.198697858287	7.042
0.199234770138	7.043
0.199771697333	7.044
0.200308639876	7.045
0.200845597771	7.046
0.201382571023	7.047
0.201919559633	7.048
0.202456563607	7.049
0.202993582949	7.05
0.203530617661	7.051
0.204067667748	7.052
0.204604733214	7.053
0.205141814062	7.054
0.205678910296	7.055
0.20621602192	7.056
0.206753148938	7.057
0.207290291353	7.058
0.20782744917	7.059
0.208364622392	7.06
0.208901811023	7.061
0.209439015066	7.062
0.209976234526	7.063
0.210513469407	7.064
0.211050719712	7.065
0.211587985444	7.066
0.212125266609	7.067
0.212662563209	7.068
0.213199875249	7.069
0.213737202732	7.07
0.214274545662	7.071
0.214811904043	7.072
0.215349277879	7.073
0.215886667173	7.074
0.21642407193	7.075
0.216961492153	7.076
0.217498927846	7.077
0.218036379013	7.078
0.218573845658	7.079
0.219111327784	7.08
0.219648825396	7.081
0.220186338497	7.082
0.220723867091	7.083
0.221261411182	7.084
0.221798970774	7.085
0.22233654587	7.086
0.222874136475	7.087
0.223411742593	7.088
0.223949364226	7.089
0.22448700138	7.09
0.225024654057	7.091
0.225562322262	7.092
0.226100005999	7.093
0.226637705272	7.094
0.227175420083	7.095
0.227713150438	7.096
0.22825089634	7.097
0.228788657793	7.098
0.2293264348	7.099
0.229864227367	7.1
0.230402035495	7.101
0.230939859191	7.102
0.231477698456	7.103
0.232015553296	7.104
0.232553423713	7.105
0.233091309713	7.106
0.233629211298	7.107
0.234167128473	7.108
0.234705061242	7.109
0.235243009608	7.11
0.235780973575	7.111
0.236318953148	7.112
0.23685694833	7.113
0.237394959124	7.114
0.237932985536	7.115
0.238471027568	7.116
0.239009085225	7.117
0.239547158511	7.118
0.240085247429	7.119
0.240623351984	7.12
0.241161472178	7.121
0.241699608017	7.122
0.242237759504	7.123
0.242775926643	7.124
0.243314109438	7.125
0.243852307893	7.126
0.244390522012	7.127
0.244928751798	7.128
0.245466997256	7.129
0.246005258389	7.13
0.246543535201	7.131
0.247081827697	7.132
0.247620135881	7.133
0.248158459755	7.134
0.248696799324	7.135
0.249235154593	7.136
0.249773525564	7.137
0.250311912242	7.138
0.250850314631	7.139
0.251388732735	7.14
0.251927166557	7.141
0.252465616102	7.142
0.253004081374	7.143
0.253542562376	7.144
0.254081059112	7.145
0.254619571587	7.146
0.255158099804	7.147
0.255696643767	7.148
0.25623520348	7.149
0.256773778948	7.15
0.257312370174	7.151
0.257850977161	7.152
0.258389599915	7.153
0.258928238438	7.154
0.259466892736	7.155
0.260005562811	7.156
0.260544248668	7.157
0.261082950311	7.158
0.261621667744	7.159
0.26216040097	7.16
0.262699149994	7.161
0.263237914819	7.162
0.26377669545	7.163
0.264315491891	7.164
0.264854304145	7.165
0.265393132217	7.166
0.26593197611	7.167
0.266470835828	7.168
0.267009711376	7.169
0.267548602758	7.17
0.268087509976	7.171
0.268626433036	7.172
0.269165371942	7.173
0.269704326697	7.174
0.270243297305	7.175
0.27078228377	7.176
0.271321286096	7.177
0.271860304288	7.178
0.272399338349	7.179
0.272938388283	7.18
0.273477454095	7.181
0.274016535788	7.182
0.274555633366	7.183
0.275094746833	7.184
0.275633876193	7.185
0.276173021451	7.186
0.27671218261	7.187
0.277251359674	7.188
0.277790552647	7.189
0.278329761534	7.19
0.278868986338	7.191
0.279408227063	7.192
0.279947483713	7.193
0.280486756293	7.194
0.281026044806	7.195
0.281565349256	7.196
0.282104669647	7.197
0.282644005984	7.198
0.283183358271	7.199
0.28372272651	7.2
0.284262110707	7.201
0.284801510866	7.202
0.28534092699	7.203
0.285880359083	7.204
0.28641980715	7.205
0.286959271195	7.206
0.287498751221	7.207
0.288038247233	7.208
0.288577759234	7.209
0.289117287229	7.21
0.289656831222	7.211
0.290196391216	7.212
0.290735967216	7.213
0.291275559227	7.214
0.291815167251	7.215
0.292354791293	7.216
0.292894431356	7.217
0.293434087446	7.218
0.293973759566	7.219
0.29451344772	7.22
0.295053151913	7.221
0.295592872147	7.222
0.296132608428	7.223
0.296672360759	7.224
0.297212129144	7.225
0.297751913588	7.226
0.298291714095	7.227
0.298831530668	7.228
0.299371363311	7.229
0.299911212029	7.23
0.300451076826	7.231
0.300990957706	7.232
0.301530854673	7.233
0.302070767731	7.234
0.302610696883	7.235
0.303150642135	7.236
0.30369060349	7.237
0.304230580952	7.238
0.304770574526	7.239
0.305310584215	7.24
0.305850610023	7.241
0.306390651955	7.242
0.306930710015	7.243
0.307470784206	7.244
0.308010874533	7.245
0.308550981	7.246
0.309091103611	7.247
0.309631242371	7.248
0.310171397282	7.249
0.310711568349	7.25
0.311251755577	7.251
0.31179195897	7.252
0.31233217853	7.253
0.312872414264	7.254
0.313412666174	7.255
0.313952934265	7.256
0.314493218541	7.257
0.315033519006	7.258
0.315573835665	7.259
0.31611416852	7.26
0.316654517577	7.261
0.317194882839	7.262
0.317735264311	7.263
0.318275661996	7.264
0.3188160759	7.265
0.319356506025	7.266
0.319896952376	7.267
0.320437414957	7.268
0.320977893773	7.269
0.321518388827	7.27
0.322058900123	7.271
0.322599427666	7.272
0.32313997146	7.273
0.323680531509	7.274
0.324221107816	7.275
0.324761700387	7.276
0.325302309225	7.277
0.325842934334	7.278
0.326383575719	7.279
0.326924233384	7.28
0.327464907332	7.281
0.328005597568	7.282
0.328546304096	7.283
0.329087026921	7.284
0.329627766045	7.285
0.330168521475	7.286
0.330709293212	7.287
0.331250081263	7.288
0.33179088563	7.289
0.332331706318	7.29
0.332872543332	7.291
0.333413396675	7.292
0.333954266351	7.293
0.334495152365	7.294
0.335036054721	7.295
0.335576973422	7.296
0.336117908474	7.297
0.33665885988	7.298
0.337199827644	7.299
0.337740811771	7.3
0.338281812264	7.301
0.338822829129	7.302
0.339363862368	7.303
0.339904911987	7.304
0.340445977989	7.305
0.340987060379	7.306
0.34152815916	7.307
0.342069274337	7.308
0.342610405914	7.309
0.343151553895	7.31
0.343692718285	7.311
0.344233899087	7.312
0.344775096306	7.313
0.345316309946	7.314
0.345857540011	7.315
0.346398786505	7.316
0.346940049433	7.317
0.347481328798	7.318
0.348022624605	7.319
0.348563936858	7.32
0.349105265561	7.321
0.349646610719	7.322
0.350187972335	7.323
0.350729350414	7.324
0.351270744959	7.325
0.351812155976	7.326
0.352353583468	7.327
0.35289502744	7.328
0.353436487895	7.329
0.353977964838	7.33
0.354519458274	7.331
0.355060968205	7.332
0.355602494637	7.333
0.356144037574	7.334
0.35668559702	7.335
0.357227172979	7.336
0.357768765455	7.337
0.358310374452	7.338
0.358851999976	7.339
0.359393642029	7.34
0.359935300616	7.341
0.360476975742	7.342
0.36101866741	7.343
0.361560375625	7.344
0.362102100391	7.345
0.362643841713	7.346
0.363185599593	7.347
0.363727374038	7.348
0.36426916505	7.349
0.364810972634	7.35
0.365352796795	7.351
0.365894637536	7.352
0.366436494862	7.353
0.366978368777	7.354
0.367520259285	7.355
0.36806216639	7.356
0.368604090098	7.357
0.369146030411	7.358
0.369687987334	7.359
0.370229960871	7.36
0.370771951028	7.361
0.371313957807	7.362
0.371855981213	7.363
0.37239802125	7.364
0.372940077923	7.365
0.373482151236	7.366
0.374024241193	7.367
0.374566347798	7.368
0.375108471056	7.369
0.37565061097	7.37
0.376192767546	7.371
0.376734940786	7.372
0.377277130696	7.373
0.37781933728	7.374
0.378361560542	7.375
0.378903800487	7.376
0.379446057117	7.377
0.379988330439	7.378
0.380530620456	7.379
0.381072927172	7.38
0.381615250591	7.381
0.382157590718	7.382
0.382699947558	7.383
0.383242321113	7.384
0.38378471139	7.385
0.384327118391	7.386
0.384869542121	7.387
0.385411982585	7.388
0.385954439786	7.389
0.38649691373	7.39
0.387039404419	7.391
0.387581911859	7.392
0.388124436054	7.393
0.388666977008	7.394
0.389209534725	7.395
0.38975210921	7.396
0.390294700466	7.397
0.390837308499	7.398
0.391379933312	7.399
0.39192257491	7.4
0.392465233297	7.401
0.393007908477	7.402
0.393550600454	7.403
0.394093309234	7.404
0.39463603482	7.405
0.395178777216	7.406
0.395721536426	7.407
0.396264312456	7.408
0.396807105309	7.409
0.397349914989	7.41
0.397892741502	7.411
0.398435584851	7.412
0.39897844504	7.413
0.399521322073	7.414
0.400064215956	7.415
0.400607126693	7.416
0.401150054286	7.417
0.401692998742	7.418
0.402235960064	7.419
0.402778938257	7.42
0.403321933325	7.421
0.403864945272	7.422
0.404407974102	7.423
0.40495101982	7.424
0.40549408243	7.425
0.406037161937	7.426
0.406580258344	7.427
0.407123371656	7.428
0.407666501878	7.429
0.408209649013	7.43
0.408752813067	7.431
0.409295994043	7.432
0.409839191945	7.433
0.410382406778	7.434
0.410925638547	7.435
0.411468887255	7.436
0.412012152907	7.437
0.412555435507	7.438
0.41309873506	7.439
0.41364205157	7.44
0.414185385041	7.441
0.414728735478	7.442
0.415272102884	7.443
0.415815487265	7.444
0.416358888624	7.445
0.416902306966	7.446
0.417445742295	7.447
0.417989194616	7.448
0.418532663933	7.449
0.41907615025	7.45
0.419619653571	7.451
0.420163173902	7.452
0.420706711245	7.453
0.421250265607	7.454
0.42179383699	7.455
0.422337425399	7.456
0.422881030839	7.457
0.423424653314	7.458
0.423968292829	7.459
0.424511949387	7.46
0.425055622993	7.461
0.425599313651	7.462
0.426143021366	7.463
0.426686746142	7.464
0.427230487984	7.465
0.427774246895	7.466
0.428318022881	7.467
0.428861815945	7.468
0.429405626092	7.469
0.429949453326	7.47
0.430493297652	7.471
0.431037159073	7.472
0.431581037595	7.473
0.432124933222	7.474
0.432668845957	7.475
0.433212775806	7.476
0.433756722773	7.477
0.434300686862	7.478
0.434844668077	7.479
0.435388666423	7.48
0.435932681905	7.481
0.436476714526	7.482
0.437020764291	7.483
0.437564831204	7.484
0.43810891527	7.485
0.438653016494	7.486
0.439197134878	7.487
0.439741270429	7.488
0.44028542315	7.489
0.440829593045	7.49
0.44137378012	7.491
0.441917984378	7.492
0.442462205823	7.493
0.443006444461	7.494
0.443550700295	7.495
0.444094973331	7.496
0.444639263571	7.497
0.445183571022	7.498
0.445727895686	7.499
0.446272237569	7.5
0.446816596675	7.501
0.447360973008	7.502
0.447905366573	7.503
0.448449777374	7.504
0.448994205415	7.505
0.449538650701	7.506
0.450083113236	7.507
0.450627593026	7.508
0.451172090073	7.509
0.451716604382	7.51
0.452261135959	7.511
0.452805684806	7.512
0.45335025093	7.513
0.453894834333	7.514
0.454439435021	7.515
0.454984052998	7.516
0.455528688268	7.517
0.456073340836	7.518
0.456618010706	7.519
0.457162697883	7.52
0.45770740237	7.521
0.458252124173	7.522
0.458796863296	7.523
0.459341619743	7.524
0.459886393518	7.525
0.460431184627	7.526
0.460975993072	7.527
0.46152081886	7.528
0.462065661994	7.529
0.462610522479	7.53
0.463155400319	7.531
0.463700295518	7.532
0.464245208082	7.533
0.464790138014	7.534
0.465335085318	7.535
0.46588005	7.536
0.466425032064	7.537
0.466970031513	7.538
0.467515048354	7.539
0.468060082589	7.54
0.468605134224	7.541
0.469150203262	7.542
0.469695289709	7.543
0.470240393568	7.544
0.470785514845	7.545
0.471330653543	7.546
0.471875809668	7.547
0.472420983222	7.548
0.472966174212	7.549
0.473511382641	7.55
0.474056608514	7.551
0.474601851835	7.552
0.475147112609	7.553
0.475692390839	7.554
0.476237686532	7.555
0.47678299969	7.556
0.477328330319	7.557
0.477873678423	7.558
0.478419044006	7.559
0.478964427073	7.56
0.479509827629	7.561
0.480055245677	7.562
0.480600681222	7.563
0.481146134269	7.564
0.481691604822	7.565
0.482237092885	7.566
0.482782598463	7.567
0.483328121561	7.568
0.483873662183	7.569
0.484419220333	7.57
0.484964796017	7.571
0.485510389237	7.572
0.486055999999	7.573
0.486601628307	7.574
0.487147274167	7.575
0.487692937581	7.576
0.488238618555	7.577
0.488784317093	7.578
0.489330033199	7.579
0.489875766879	7.58
0.490421518136	7.581
0.490967286975	7.582
0.491513073401	7.583
0.492058877417	7.584
0.492604699029	7.585
0.493150538241	7.586
0.493696395057	7.587
0.494242269482	7.588
0.494788161521	7.589
0.495334071177	7.59
0.495879998455	7.591
0.49642594336	7.592
0.496971905897	7.593
0.497517886069	7.594
0.498063883881	7.595
0.498609899338	7.596
0.499155932445	7.597
0.499701983205	7.598
0.500248051623	7.599
0.500794137703	7.6
0.501340241451	7.601
0.501886362871	7.602
0.502432501966	7.603
0.502978658742	7.604
0.503524833204	7.605
0.504071025354	7.606
0.504617235199	7.607
0.505163462743	7.608
0.50570970799	7.609
0.506255970944	7.61
0.50680225161	7.611
0.507348549993	7.612
0.507894866097	7.613
0.508441199927	7.614
0.508987551486	7.615
0.50953392078	7.616
0.510080307814	7.617
0.510626712591	7.618
0.511173135116	7.619
0.511719575393	7.62
0.512266033428	7.621
0.512812509224	7.622
0.513359002787	7.623
0.51390551412	7.624
0.514452043228	7.625
0.514998590116	7.626
0.515545154788	7.627
0.516091737249	7.628
0.516638337503	7.629
0.517184955555	7.63
0.517731591409	7.631
0.51827824507	7.632
0.518824916542	7.633
0.51937160583	7.634
0.519918312938	7.635
0.520465037871	7.636
0.521011780633	7.637
0.521558541229	7.638
0.522105319664	7.639
0.522652115942	7.64
0.523198930067	7.641
0.523745762044	7.642
0.524292611877	7.643
0.524839479572	7.644
0.525386365132	7.645
0.525933268562	7.646
0.526480189867	7.647
0.527027129051	7.648
0.527574086119	7.649
0.528121061075	7.65
0.528668053924	7.651
0.52921506467	7.652
0.529762093318	7.653
0.530309139872	7.654
0.530856204337	7.655
0.531403286717	7.656
0.531950387018	7.657
0.532497505243	7.658
0.533044641397	7.659
0.533591795485	7.66
0.534138967511	7.661
0.534686157479	7.662
0.535233365395	7.663
0.535780591262	7.664
0.536327835086	7.665
0.536875096871	7.666
0.537422376621	7.667
0.537969674341	7.668
0.538516990036	7.669
0.539064323709	7.67
0.539611675367	7.671
0.540159045012	7.672
0.54070643265	7.673
0.541253838286	7.674
0.541801261923	7.675
0.542348703567	7.676
0.542896163221	7.677
0.543443640891	7.678
0.543991136582	7.679
0.544538650296	7.68
0.54508618204	7.681
0.545633731818	7.682
0.546181299634	7.683
0.546728885493	7.684
0.547276489399	7.685
0.547824111357	7.686
0.548371751372	7.687
0.548919409448	7.688
0.549467085589	7.689
0.550014779801	7.69
0.550562492087	7.691
0.551110222453	7.692
0.551657970903	7.693
0.552205737441	7.694
0.552753522073	7.695
0.553301324802	7.696
0.553849145633	7.697
0.554396984571	7.698
0.554944841621	7.699
0.555492716786	7.7
0.556040610072	7.701
0.556588521483	7.702
0.557136451024	7.703
0.557684398699	7.704
0.558232364513	7.705
0.55878034847	7.706
0.559328350575	7.707
0.559876370833	7.708
0.560424409248	7.709
0.560972465824	7.71
0.561520540567	7.711
0.562068633481	7.712
0.562616744571	7.713
0.56316487384	7.714
0.563713021294	7.715
0.564261186938	7.716
0.564809370775	7.717
0.56535757281	7.718
0.565905793049	7.719
0.566454031495	7.72
0.567002288154	7.721
0.567550563029	7.722
0.568098856125	7.723
0.568647167448	7.724
0.569195497001	7.725
0.569743844789	7.726
0.570292210817	7.727
0.57084059509	7.728
0.571388997611	7.729
0.571937418386	7.73
0.572485857419	7.731
0.573034314715	7.732
0.573582790278	7.733
0.574131284113	7.734
0.574679796225	7.735
0.575228326618	7.736
0.575776875296	7.737
0.576325442265	7.738
0.576874027529	7.739
0.577422631093	7.74
0.57797125296	7.741
0.578519893137	7.742
0.579068551626	7.743
0.579617228434	7.744
0.580165923565	7.745
0.580714637022	7.746
0.581263368812	7.747
0.581812118938	7.748
0.582360887405	7.749
0.582909674217	7.75
0.58345847938	7.751
0.584007302898	7.752
0.584556144776	7.753
0.585105005017	7.754
0.585653883627	7.755
0.586202780611	7.756
0.586751695973	7.757
0.587300629717	7.758
0.587849581848	7.759
0.588398552372	7.76
0.588947541291	7.761
0.589496548612	7.762
0.590045574339	7.763
0.590594618476	7.764
0.591143681027	7.765
0.591692761999	7.766
0.592241861394	7.767
0.592790979219	7.768
0.593340115477	7.769
0.593889270173	7.77
0.594438443312	7.771
0.594987634898	7.772
0.595536844936	7.773
0.59608607343	7.774
0.596635320386	7.775
0.597184585808	7.776
0.5977338697	7.777
0.598283172068	7.778
0.598832492915	7.779
0.599381832247	7.78
0.599931190067	7.781
0.600480566382	7.782
0.601029961195	7.783
0.60157937451	7.784
0.602128806333	7.785
0.602678256669	7.786
0.603227725521	7.787
0.603777212895	7.788
0.604326718795	7.789
0.604876243226	7.79
0.605425786192	7.791
0.605975347699	7.792
0.60652492775	7.793
0.60707452635	7.794
0.607624143505	7.795
0.608173779218	7.796
0.608723433495	7.797
0.609273106339	7.798
0.609822797756	7.799
0.61037250775	7.8
0.610922236327	7.801
0.61147198349	7.802
0.612021749244	7.803
0.612571533594	7.804
0.613121336544	7.805
0.6136711581	7.806
0.614220998265	7.807
0.614770857045	7.808
0.615320734444	7.809
0.615870630467	7.81
0.616420545118	7.811
0.616970478403	7.812
0.617520430325	7.813
0.618070400889	7.814
0.618620390101	7.815
0.619170397964	7.816
0.619720424484	7.817
0.620270469665	7.818
0.620820533512	7.819
0.621370616029	7.82
0.621920717221	7.821
0.622470837093	7.822
0.623020975649	7.823
0.623571132894	7.824
0.624121308833	7.825
0.624671503471	7.826
0.625221716811	7.827
0.625771948859	7.828
0.62632219962	7.829
0.626872469097	7.83
0.627422757297	7.831
0.627973064222	7.832
0.628523389879	7.833
0.629073734272	7.834
0.629624097405	7.835
0.630174479283	7.836
0.63072487991	7.837
0.631275299293	7.838
0.631825737434	7.839
0.632376194339	7.84
0.632926670013	7.841
0.63347716446	7.842
0.634027677684	7.843
0.634578209691	7.844
0.635128760486	7.845
0.635679330072	7.846
0.636229918455	7.847
0.636780525639	7.848
0.637331151628	7.849
0.637881796429	7.85
0.638432460045	7.851
0.63898314248	7.852
0.639533843741	7.853
0.64008456383	7.854
0.640635302754	7.855
0.641186060516	7.856
0.641736837122	7.857
0.642287632576	7.858
0.642838446883	7.859
0.643389280047	7.86
0.643940132073	7.861
0.644491002966	7.862
0.64504189273	7.863
0.645592801371	7.864
0.646143728893	7.865
0.6466946753	7.866
0.647245640598	7.867
0.64779662479	7.868
0.648347627883	7.869
0.648898649879	7.87
0.649449690785	7.871
0.650000750604	7.872
0.650551829342	7.873
0.651102927003	7.874
0.651654043592	7.875
0.652205179114	7.876
0.652756333573	7.877
0.653307506974	7.878
0.653858699321	7.879
0.65440991062	7.88
0.654961140875	7.881
0.65551239009	7.882
0.656063658272	7.883
0.656614945423	7.884
0.657166251549	7.885
0.657717576655	7.886
0.658268920745	7.887
0.658820283824	7.888
0.659371665897	7.889
0.659923066968	7.89
0.660474487043	7.891
0.661025926125	7.892
0.661577384219	7.893
0.662128861331	7.894
0.662680357465	7.895
0.663231872626	7.896
0.663783406818	7.897
0.664334960046	7.898
0.664886532315	7.899
0.66543812363	7.9
0.665989733994	7.901
0.666541363414	7.902
0.667093011893	7.903
0.667644679437	7.904
0.66819636605	7.905
0.668748071736	7.906
0.669299796502	7.907
0.66985154035	7.908
0.670403303287	7.909
0.670955085316	7.91
0.671506886442	7.911
0.672058706671	7.912
0.672610546006	7.913
0.673162404454	7.914
0.673714282017	7.915
0.674266178701	7.916
0.674818094512	7.917
0.675370029452	7.918
0.675921983528	7.919
0.676473956744	7.92
0.677025949104	7.921
0.677577960614	7.922
0.678129991278	7.923
0.678682041101	7.924
0.679234110087	7.925
0.679786198242	7.926
0.680338305569	7.927
0.680890432075	7.928
0.681442577763	7.929
0.681994742638	7.93
0.682546926705	7.931
0.683099129968	7.932
0.683651352433	7.933
0.684203594105	7.934
0.684755854987	7.935
0.685308135084	7.936
0.685860434402	7.937
0.686412752946	7.938
0.686965090718	7.939
0.687517447726	7.94
0.688069823973	7.941
0.688622219463	7.942
0.689174634203	7.943
0.689727068196	7.944
0.690279521447	7.945
0.690831993962	7.946
0.691384485744	7.947
0.691936996798	7.948
0.69248952713	7.949
0.693042076743	7.95
0.693594645644	7.951
0.694147233835	7.952
0.694699841323	7.953
0.695252468112	7.954
0.695805114207	7.955
0.696357779612	7.956
0.696910464332	7.957
0.697463168372	7.958
0.698015891736	7.959
0.69856863443	7.96
0.699121396459	7.961
0.699674177826	7.962
0.700226978536	7.963
0.700779798595	7.964
0.701332638008	7.965
0.701885496778	7.966
0.702438374911	7.967
0.702991272411	7.968
0.703544189283	7.969
0.704097125532	7.97
0.704650081163	7.971
0.705203056181	7.972
0.705756050589	7.973
0.706309064394	7.974
0.706862097599	7.975
0.707415150209	7.976
0.70796822223	7.977
0.708521313666	7.978
0.709074424521	7.979
0.709627554801	7.98
0.71018070451	7.981
0.710733873653	7.982
0.711287062235	7.983
0.71184027026	7.984
0.712393497733	7.985
0.71294674466	7.986
0.713500011044	7.987
0.714053296891	7.988
0.714606602205	7.989
0.715159926991	7.99
0.715713271255	7.991
0.716266634999	7.992
0.71682001823	7.993
0.717373420952	7.994
0.717926843171	7.995
0.718480284889	7.996
0.719033746113	7.997
0.719587226848	7.998
0.720140727097	7.999
0.720694246866	8.0
0.72124778616	8.001
0.721801344982	8.002
0.722354923339	8.003
0.722908521235	8.004
0.723462138674	8.005
0.724015775662	8.006
0.724569432202	8.007
0.725123108301	8.008
0.725676803962	8.009
0.726230519191	8.01
0.726784253992	8.011
0.72733800837	8.012
0.72789178233	8.013
0.728445575876	8.014
0.728999389013	8.015
0.729553221747	8.016
0.730107074082	8.017
0.730660946022	8.018
0.731214837572	8.019
0.731768748738	8.02
0.732322679524	8.021
0.732876629934	8.022
0.733430599974	8.023
0.733984589649	8.024
0.734538598962	8.025
0.735092627919	8.026
0.735646676525	8.027
0.736200744785	8.028
0.736754832703	8.029
0.737308940283	8.03
0.737863067532	8.031
0.738417214453	8.032
0.738971381051	8.033
0.739525567332	8.034
0.740079773299	8.035
0.740633998958	8.036
0.741188244314	8.037
0.741742509371	8.038
0.742296794134	8.039
0.742851098608	8.04
0.743405422798	8.041
0.743959766708	8.042
0.744514130343	8.043
0.745068513708	8.044
0.745622916808	8.045
0.746177339648	8.046
0.746731782232	8.047
0.747286244565	8.048
0.747840726652	8.049
0.748395228498	8.05
0.748949750108	8.051
0.749504291485	8.052
0.750058852636	8.053
0.750613433565	8.054
0.751168034277	8.055
0.751722654776	8.056
0.752277295068	8.057
0.752831955156	8.058
0.753386635047	8.059
0.753941334744	8.06
0.754496054253	8.061
0.755050793578	8.062
0.755605552724	8.063
0.756160331696	8.064
0.756715130499	8.065
0.757269949137	8.066
0.757824787616	8.067
0.758379645939	8.068
0.758934524113	8.069
0.759489422141	8.07
0.760044340029	8.071
0.760599277781	8.072
0.761154235402	8.073
0.761709212897	8.074
0.762264210271	8.075
0.762819227528	8.076
0.763374264674	8.077
0.763929321713	8.078
0.764484398649	8.079
0.765039495489	8.08
0.765594612235	8.081
0.766149748895	8.082
0.766704905471	8.083
0.76726008197	8.084
0.767815278395	8.085
0.768370494751	8.086
0.768925731045	8.087
0.769480987279	8.088
0.770036263459	8.089
0.77059155959	8.09
0.771146875677	8.091
0.771702211724	8.092
0.772257567737	8.093
0.772812943719	8.094
0.773368339676	8.095
0.773923755613	8.096
0.774479191535	8.097
0.775034647446	8.098
0.77559012335	8.099
0.776145619254	8.1
0.776701135162	8.101
0.777256671078	8.102
0.777812227008	8.103
0.778367802955	8.104
0.778923398926	8.105
0.779479014924	8.106
0.780034650956	8.107
0.780590307024	8.108
0.781145983135	8.109
0.781701679293	8.11
0.782257395503	8.111
0.78281313177	8.112
0.783368888098	8.113
0.783924664492	8.114
0.784480460958	8.115
0.7850362775	8.116
0.785592114122	8.117
0.78614797083	8.118
0.786703847629	8.119
0.787259744523	8.12
0.787815661517	8.121
0.788371598616	8.122
0.788927555825	8.123
0.789483533148	8.124
0.790039530591	8.125
0.790595548158	8.126
0.791151585853	8.127
0.791707643683	8.128
0.792263721652	8.129
0.792819819764	8.13
0.793375938024	8.131
0.793932076438	8.132
0.79448823501	8.133
0.795044413744	8.134
0.795600612646	8.135
0.796156831721	8.136
0.796713070973	8.137
0.797269330407	8.138
0.797825610028	8.139
0.798381909841	8.14
0.79893822985	8.141
0.799494570061	8.142
0.800050930479	8.143
0.800607311107	8.144
0.801163711951	8.145
0.801720133017	8.146
0.802276574307	8.147
0.802833035829	8.148
0.803389517585	8.149
0.803946019582	8.15
0.804502541823	8.151
0.805059084315	8.152
0.805615647061	8.153
0.806172230066	8.154
0.806728833336	8.155
0.807285456875	8.156
0.807842100688	8.157
0.808398764779	8.158
0.808955449155	8.159
0.809512153818	8.16
0.810068878775	8.161
0.810625624031	8.162
0.811182389589	8.163
0.811739175455	8.164
0.812295981634	8.165
0.81285280813	8.166
0.813409654948	8.167
0.813966522094	8.168
0.814523409572	8.169
0.815080317386	8.17
0.815637245543	8.171
0.816194194045	8.172
0.8167511629	8.173
0.81730815211	8.174
0.817865161682	8.175
0.818422191619	8.176
0.818979241927	8.177
0.819536312611	8.178
0.820093403675	8.179
0.820650515125	8.18
0.821207646964	8.181
0.821764799199	8.182
0.822321971833	8.183
0.822879164873	8.184
0.823436378321	8.185
0.823993612184	8.186
0.824550866466	8.187
0.825108141172	8.188
0.825665436308	8.189
0.826222751876	8.19
0.826780087884	8.191
0.827337444335	8.192
0.827894821234	8.193
0.828452218586	8.194
0.829009636396	8.195
0.829567074669	8.196
0.83012453341	8.197
0.830682012624	8.198
0.831239512314	8.199
0.831797032487	8.2
0.832354573147	8.201
0.832912134299	8.202
0.833469715948	8.203
0.834027318098	8.204
0.834584940755	8.205
0.835142583923	8.206
0.835700247608	8.207
0.836257931813	8.208
0.836815636545	8.209
0.837373361807	8.21
0.837931107604	8.211
0.838488873943	8.212
0.839046660826	8.213
0.83960446826	8.214
0.840162296249	8.215
0.840720144797	8.216
0.84127801391	8.217
0.841835903593	8.218
0.842393813851	8.219
0.842951744688	8.22
0.843509696108	8.221
0.844067668118	8.222
0.844625660722	8.223
0.845183673925	8.224
0.845741707731	8.225
0.846299762145	8.226
0.846857837173	8.227
0.847415932819	8.228
0.847974049089	8.229
0.848532185986	8.23
0.849090343515	8.231
0.849648521683	8.232
0.850206720493	8.233
0.85076493995	8.234
0.851323180059	8.235
0.851881440826	8.236
0.852439722254	8.237
0.85299802435	8.238
0.853556347116	8.239
0.85411469056	8.24
0.854673054685	8.241
0.855231439496	8.242
0.855789844998	8.243
0.856348271196	8.244
0.856906718095	8.245
0.857465185699	8.246
0.858023674015	8.247
0.858582183045	8.248
0.859140712796	8.249
0.859699263272	8.25
0.860257834478	8.251
0.860816426419	8.252
0.8613750391	8.253
0.861933672525	8.254
0.8624923267	8.255
0.86305100163	8.256
0.863609697318	8.257
0.864168413771	8.258
0.864727150992	8.259
0.865285908988	8.26
0.865844687762	8.261
0.866403487319	8.262
0.866962307666	8.263
0.867521148805	8.264
0.868080010743	8.265
0.868638893483	8.266
0.869197797032	8.267
0.869756721393	8.268
0.870315666572	8.269
0.870874632574	8.27
0.871433619403	8.271
0.871992627064	8.272
0.872551655563	8.273
0.873110704903	8.274
0.873669775091	8.275
0.87422886613	8.276
0.874787978026	8.277
0.875347110783	8.278
0.875906264407	8.279
0.876465438902	8.28
0.877024634273	8.281
0.877583850525	8.282
0.878143087663	8.283
0.878702345692	8.284
0.879261624616	8.285
0.879820924441	8.286
0.880380245172	8.287
0.880939586813	8.288
0.881498949368	8.289
0.882058332844	8.29
0.882617737245	8.291
0.883177162576	8.292
0.883736608841	8.293
0.884296076045	8.294
0.884855564195	8.295
0.885415073293	8.296
0.885974603346	8.297
0.886534154357	8.298
0.887093726333	8.299
0.887653319277	8.3
0.888212933195	8.301
0.888772568092	8.302
0.889332223972	8.303
0.889891900841	8.304
0.890451598702	8.305
0.891011317562	8.306
0.891571057425	8.307
0.892130818295	8.308
0.892690600179	8.309
0.89325040308	8.31
0.893810227003	8.311
0.894370071954	8.312
0.894929937937	8.313
0.895489824957	8.314
0.896049733019	8.315
0.896609662128	8.316
0.897169612289	8.317
0.897729583507	8.318
0.898289575786	8.319
0.898849589132	8.32
0.899409623549	8.321
0.899969679042	8.322
0.900529755616	8.323
0.901089853276	8.324
0.901649972028	8.325
0.902210111875	8.326
0.902770272822	8.327
0.903330454875	8.328
0.903890658039	8.329
0.904450882317	8.33
0.905011127716	8.331
0.90557139424	8.332
0.906131681894	8.333
0.906691990683	8.334
0.907252320612	8.335
0.907812671685	8.336
0.908373043908	8.337
0.908933437285	8.338
0.909493851822	8.339
0.910054287522	8.34
0.910614744392	8.341
0.911175222435	8.342
0.911735721658	8.343
0.912296242064	8.344
0.912856783659	8.345
0.913417346447	8.346
0.913977930434	8.347
0.914538535624	8.348
0.915099162023	8.349
0.915659809634	8.35
0.916220478463	8.351
0.916781168515	8.352
0.917341879795	8.353
0.917902612308	8.354
0.918463366058	8.355
0.91902414105	8.356
0.91958493729	8.357
0.920145754782	8.358
0.920706593532	8.359
0.921267453543	8.36
0.921828334821	8.361
0.922389237371	8.362
0.922950161197	8.363
0.923511106305	8.364
0.9240720727	8.365
0.924633060386	8.366
0.925194069368	8.367
0.925755099651	8.368
0.926316151241	8.369
0.926877224141	8.37
0.927438318357	8.371
0.927999433894	8.372
0.928560570756	8.373
0.92912172895	8.374
0.929682908478	8.375
0.930244109347	8.376
0.930805331561	8.377
0.931366575125	8.378
0.931927840044	8.379
0.932489126323	8.38
0.933050433967	8.381
0.93361176298	8.382
0.934173113368	8.383
0.934734485136	8.384
0.935295878288	8.385
0.935857292829	8.386
0.936418728764	8.387
0.936980186099	8.388
0.937541664837	8.389
0.938103164984	8.39
0.938664686546	8.391
0.939226229525	8.392
0.939787793929	8.393
0.940349379761	8.394
0.940910987026	8.395
0.941472615729	8.396
0.942034265876	8.397
0.942595937471	8.398
0.943157630518	8.399
0.943719345024	8.4
0.944281080992	8.401
0.944842838428	8.402
0.945404617337	8.403
0.945966417723	8.404
0.946528239592	8.405
0.947090082948	8.406
0.947651947795	8.407
0.948213834141	8.408
0.948775741988	8.409
0.949337671341	8.41
0.949899622207	8.411
0.95046159459	8.412
0.951023588494	8.413
0.951585603924	8.414
0.952147640886	8.415
0.952709699384	8.416
0.953271779424	8.417
0.953833881009	8.418
0.954396004146	8.419
0.954958148838	8.42
0.955520315092	8.421
0.956082502911	8.422
0.956644712301	8.423
0.957206943266	8.424
0.957769195812	8.425
0.958331469943	8.426
0.958893765664	8.427
0.95945608298	8.428
0.960018421897	8.429
0.960580782418	8.43
0.96114316455	8.431
0.961705568296	8.432
0.962267993662	8.433
0.962830440652	8.434
0.963392909272	8.435
0.963955399527	8.436
0.96451791142	8.437
0.965080444958	8.438
0.965643000145	8.439
0.966205576986	8.44
0.966768175486	8.441
0.96733079565	8.442
0.967893437483	8.443
0.968456100989	8.444
0.969018786174	8.445
0.969581493042	8.446
0.970144221599	8.447
0.970706971849	8.448
0.971269743797	8.449
0.971832537448	8.45
0.972395352808	8.451
0.97295818988	8.452
0.97352104867	8.453
0.974083929183	8.454
0.974646831423	8.455
0.975209755396	8.456
0.975772701107	8.457
0.97633566856	8.458
0.97689865776	8.459
0.977461668713	8.46
0.978024701422	8.461
0.978587755894	8.462
0.979150832132	8.463
0.979713930143	8.464
0.98027704993	8.465
0.980840191499	8.466
0.981403354854	8.467
0.981966540001	8.468
0.982529746944	8.469
0.983092975689	8.47
0.98365622624	8.471
0.984219498601	8.472
0.984782792779	8.473
0.985346108778	8.474
0.985909446603	8.475
0.986472806259	8.476
0.98703618775	8.477
0.987599591082	8.478
0.988163016259	8.479
0.988726463287	8.48
0.98928993217	8.481
0.989853422914	8.482
0.990416935522	8.483
0.990980470001	8.484
0.991544026355	8.485
0.992107604588	8.486
0.992671204707	8.487
0.993234826715	8.488
0.993798470618	8.489
0.99436213642	8.49
0.994925824127	8.491
0.995489533743	8.492
0.996053265274	8.493
0.996617018723	8.494
0.997180794097	8.495
0.9977445914	8.496
0.998308410637	8.497
0.998872251813	8.498
0.999436114932	8.499
