0.0	8.5
0.000191205833554	8.501
0.0003824220674	8.502
0.0005736487039	8.503
0.000764885745414	8.504
0.000956133194306	8.505
0.00114739105294	8.506
0.00133865932367	8.507
0.00152993800886	8.508
0.00172122711087	8.509
0.00191252663207	8.51
0.00210383657482	8.511
0.00229515694148	8.512
0.00248648773441	8.513
0.00267782895598	8.514
0.00286918060854	8.515
0.00306054269445	8.516
0.00325191521609	8.517
0.00344329817581	8.518
0.00363469157597	8.519
0.00382609541894	8.52
0.00401750970707	8.521
0.00420893444274	8.522
0.0044003696283	8.523
0.00459181526611	8.524
0.00478327135855	8.525
0.00497473790796	8.526
0.00516621491671	8.527
0.00535770238717	8.528
0.0055492003217	8.529
0.00574070872265	8.53
0.0059322275924	8.531
0.00612375693331	8.532
0.00631529674773	8.533
0.00650684703803	8.534
0.00669840780657	8.535
0.00688997905572	8.536
0.00708156078784	8.537
0.00727315300528	8.538
0.00746475571042	8.539
0.00765636890562	8.54
0.00784799259323	8.541
0.00803962677563	8.542
0.00823127145517	8.543
0.00842292663422	8.544
0.00861459231515	8.545
0.0088062685003	8.546
0.00899795519205	8.547
0.00918965239276	8.548
0.00938136010479	8.549
0.00957307833051	8.55
0.00976480707228	8.551
0.00995654633245	8.552
0.0101482961134	8.553
0.0103400564175	8.554
0.0105318272471	8.555
0.0107236086045	8.556
0.0109154004922	8.557
0.0111072029125	8.558
0.0112990158677	8.559
0.0114908393603	8.56
0.0116826733925	8.561
0.0118745179668	8.562
0.0120663730855	8.563
0.0122582387509	8.564
0.0124501149655	8.565
0.0126420017316	8.566
0.0128338990515	8.567
0.0130258069277	8.568
0.0132177253624	8.569
0.0134096543581	8.57
0.0136015939172	8.571
0.0137935440419	8.572
0.0139855047346	8.573
0.0141774759977	8.574
0.0143694578337	8.575
0.0145614502447	8.576
0.0147534532332	8.577
0.0149454668017	8.578
0.0151374909523	8.579
0.0153295256875	8.58
0.0155215710097	8.581
0.0157136269212	8.582
0.0159056934243	8.583
0.0160977705215	8.584
0.0162898582151	8.585
0.0164819565075	8.586
0.016674065401	8.587
0.016866184898	8.588
0.0170583150009	8.589
0.017250455712	8.59
0.0174426070337	8.591
0.0176347689684	8.592
0.0178269415183	8.593
0.018019124686	8.594
0.0182113184737	8.595
0.0184035228838	8.596
0.0185957379186	8.597
0.0187879635806	8.598
0.0189801998721	8.599
0.0191724467955	8.6
0.0193647043531	8.601
0.0195569725473	8.602
0.0197492513805	8.603
0.019941540855	8.604
0.0201338409731	8.605
0.0203261517373	8.606
0.02051847315	8.607
0.0207108052134	8.608
0.0209031479299	8.609
0.021095501302	8.61
0.0212878653319	8.611
0.0214802400221	8.612
0.0216726253748	8.613
0.0218650213926	8.614
0.0220574280776	8.615
0.0222498454324	8.616
0.0224422734592	8.617
0.0226347121604	8.618
0.0228271615384	8.619
0.0230196215955	8.62
0.0232120923342	8.621
0.0234045737568	8.622
0.0235970658655	8.623
0.0237895686629	8.624
0.0239820821513	8.625
0.024174606333	8.626
0.0243671412104	8.627
0.0245596867859	8.628
0.0247522430618	8.629
0.0249448100405	8.63
0.0251373877243	8.631
0.0253299761157	8.632
0.0255225752169	8.633
0.0257151850304	8.634
0.0259078055585	8.635
0.0261004368036	8.636
0.0262930787681	8.637
0.0264857314542	8.638
0.0266783948644	8.639
0.0268710690011	8.64
0.0270637538665	8.641
0.0272564494632	8.642
0.0274491557933	8.643
0.0276418728594	8.644
0.0278346006637	8.645
0.0280273392086	8.646
0.0282200884965	8.647
0.0284128485298	8.648
0.0286056193108	8.649
0.0287984008418	8.65
0.0289911931254	8.651
0.0291839961637	8.652
0.0293768099592	8.653
0.0295696345142	8.654
0.0297624698312	8.655
0.0299553159124	8.656
0.0301481727602	8.657
0.0303410403771	8.658
0.0305339187653	8.659
0.0307268079272	8.66
0.0309197078653	8.661
0.0311126185818	8.662
0.0313055400791	8.663
0.0314984723596	8.664
0.0316914154256	8.665
0.0318843692796	8.666
0.0320773339238	8.667
0.0322703093607	8.668
0.0324632955926	8.669
0.0326562926218	8.67
0.0328493004508	8.671
0.0330423190819	8.672
0.0332353485175	8.673
0.0334283887599	8.674
0.0336214398115	8.675
0.0338145016747	8.676
0.0340075743517	8.677
0.0342006578451	8.678
0.0343937521571	8.679
0.0345868572902	8.68
0.0347799732466	8.681
0.0349731000288	8.682
0.035166237639	8.683
0.0353593860798	8.684
0.0355525453534	8.685
0.0357457154622	8.686
0.0359388964086	8.687
0.0361320881949	8.688
0.0363252908235	8.689
0.0365185042968	8.69
0.0367117286171	8.691
0.0369049637868	8.692
0.0370982098082	8.693
0.0372914666838	8.694
0.0374847344159	8.695
0.0376780130068	8.696
0.0378713024589	8.697
0.0380646027746	8.698
0.0382579139563	8.699
0.0384512360062	8.7
0.0386445689269	8.701
0.0388379127206	8.702
0.0390312673896	8.703
0.0392246329365	8.704
0.0394180093635	8.705
0.0396113966729	8.706
0.0398047948673	8.707
0.0399982039488	8.708
0.0401916239199	8.709
0.040385054783	8.71
0.0405784965405	8.711
0.0407719491946	8.712
0.0409654127477	8.713
0.0411588872023	8.714
0.0413523725606	8.715
0.0415458688251	8.716
0.041739375998	8.717
0.0419328940819	8.718
0.0421264230789	8.719
0.0423199629916	8.72
0.0425135138222	8.721
0.0427070755732	8.722
0.0429006482469	8.723
0.0430942318456	8.724
0.0432878263717	8.725
0.0434814318276	8.726
0.0436750482156	8.727
0.0438686755382	8.728
0.0440623137976	8.729
0.0442559629963	8.73
0.0444496231366	8.731
0.0446432942209	8.732
0.0448369762514	8.733
0.0450306692307	8.734
0.0452243731611	8.735
0.0454180880448	8.736
0.0456118138844	8.737
0.0458055506821	8.738
0.0459992984403	8.739
0.0461930571614	8.74
0.0463868268478	8.741
0.0465806075017	8.742
0.0467743991257	8.743
0.0469682017219	8.744
0.0471620152929	8.745
0.047355839841	8.746
0.0475496753684	8.747
0.0477435218777	8.748
0.0479373793711	8.749
0.0481312478511	8.75
0.0483251273199	8.751
0.04851901778	8.752
0.0487129192337	8.753
0.0489068316833	8.754
0.0491007551313	8.755
0.0492946895801	8.756
0.0494886350318	8.757
0.0496825914891	8.758
0.0498765589541	8.759
0.0500705374292	8.76
0.0502645269169	8.761
0.0504585274195	8.762
0.0506525389394	8.763
0.0508465614788	8.764
0.0510405950403	8.765
0.051234639626	8.766
0.0514286952385	8.767
0.0516227618801	8.768
0.0518168395531	8.769
0.0520109282598	8.77
0.0522050280028	8.771
0.0523991387843	8.772
0.0525932606066	8.773
0.0527873934722	8.774
0.0529815373834	8.775
0.0531756923426	8.776
0.0533698583522	8.777
0.0535640354144	8.778
0.0537582235318	8.779
0.0539524227065	8.78
0.0541466329411	8.781
0.0543408542378	8.782
0.054535086599	8.783
0.0547293300271	8.784
0.0549235845245	8.785
0.0551178500935	8.786
0.0553121267364	8.787
0.0555064144557	8.788
0.0557007132537	8.789
0.0558950231328	8.79
0.0560893440952	8.791
0.0562836761435	8.792
0.05647801928	8.793
0.0566723735069	8.794
0.0568667388267	8.795
0.0570611152418	8.796
0.0572555027545	8.797
0.0574499013672	8.798
0.0576443110821	8.799
0.0578387319018	8.8
0.0580331638286	8.801
0.0582276068647	8.802
0.0584220610127	8.803
0.0586165262748	8.804
0.0588110026534	8.805
0.0590054901509	8.806
0.0591999887696	8.807
0.0593944985119	8.808
0.0595890193802	8.809
0.0597835513768	8.81
0.0599780945041	8.811
0.0601726487644	8.812
0.0603672141602	8.813
0.0605617906937	8.814
0.0607563783674	8.815
0.0609509771835	8.816
0.0611455871446	8.817
0.0613402082528	8.818
0.0615348405106	8.819
0.0617294839204	8.82
0.0619241384845	8.821
0.0621188042053	8.822
0.0623134810851	8.823
0.0625081691263	8.824
0.0627028683313	8.825
0.0628975787024	8.826
0.063092300242	8.827
0.0632870329524	8.828
0.0634817768361	8.829
0.0636765318953	8.83
0.0638712981324	8.831
0.0640660755499	8.832
0.06426086415	8.833
0.0644556639351	8.834
0.0646504749076	8.835
0.0648452970699	8.836
0.0650401304242	8.837
0.0652349749731	8.838
0.0654298307187	8.839
0.0656246976636	8.84
0.06581957581	8.841
0.0660144651603	8.842
0.0662093657169	8.843
0.0664042774821	8.844
0.0665992004584	8.845
0.066794134648	8.846
0.0669890800533	8.847
0.0671840366767	8.848
0.0673790045206	8.849
0.0675739835873	8.85
0.0677689738791	8.851
0.0679639753985	8.852
0.0681589881477	8.853
0.0683540121293	8.854
0.0685490473454	8.855
0.0687440937985	8.856
0.068939151491	8.857
0.0691342204251	8.858
0.0693293006033	8.859
0.069524392028	8.86
0.0697194947014	8.861
0.0699146086259	8.862
0.070109733804	8.863
0.070304870238	8.864
0.0705000179301	8.865
0.0706951768829	8.866
0.0708903470986	8.867
0.0710855285796	8.868
0.0712807213283	8.869
0.071475925347	8.87
0.0716711406381	8.871
0.0718663672039	8.872
0.0720616050469	8.873
0.0722568541693	8.874
0.0724521145736	8.875
0.0726473862621	8.876
0.0728426692371	8.877
0.0730379635011	8.878
0.0732332690563	8.879
0.0734285859052	8.88
0.0736239140501	8.881
0.0738192534933	8.882
0.0740146042372	8.883
0.0742099662842	8.884
0.0744053396367	8.885
0.074600724297	8.886
0.0747961202674	8.887
0.0749915275503	8.888
0.0751869461481	8.889
0.0753823760632	8.89
0.0755778172978	8.891
0.0757732698545	8.892
0.0759687337354	8.893
0.076164208943	8.894
0.0763596954797	8.895
0.0765551933477	8.896
0.0767507025495	8.897
0.0769462230875	8.898
0.0771417549639	8.899
0.0773372981811	8.9
0.0775328527416	8.901
0.0777284186476	8.902
0.0779239959015	8.903
0.0781195845057	8.904
0.0783151844625	8.905
0.0785107957743	8.906
0.0787064184435	8.907
0.0789020524724	8.908
0.0790976978634	8.909
0.0792933546188	8.91
0.079489022741	8.911
0.0796847022323	8.912
0.0798803930951	8.913
0.0800760953318	8.914
0.0802718089448	8.915
0.0804675339363	8.916
0.0806632703088	8.917
0.0808590180645	8.918
0.081054777206	8.919
0.0812505477354	8.92
0.0814463296553	8.921
0.0816421229678	8.922
0.0818379276755	8.923
0.0820337437806	8.924
0.0822295712856	8.925
0.0824254101927	8.926
0.0826212605043	8.927
0.0828171222229	8.928
0.0830129953506	8.929
0.08320887989	8.93
0.0834047758434	8.931
0.083600683213	8.932
0.0837966020014	8.933
0.0839925322108	8.934
0.0841884738436	8.935
0.0843844269021	8.936
0.0845803913888	8.937
0.0847763673059	8.938
0.0849723546558	8.939
0.085168353441	8.94
0.0853643636637	8.941
0.0855603853262	8.942
0.0857564184311	8.943
0.0859524629805	8.944
0.086148518977	8.945
0.0863445864227	8.946
0.0865406653202	8.947
0.0867367556717	8.948
0.0869328574796	8.949
0.0871289707462	8.95
0.087325095474	8.951
0.0875212316653	8.952
0.0877173793223	8.953
0.0879135384476	8.954
0.0881097090434	8.955
0.0883058911122	8.956
0.0885020846562	8.957
0.0886982896778	8.958
0.0888945061793	8.959
0.0890907341633	8.96
0.0892869736319	8.961
0.0894832245875	8.962
0.0896794870325	8.963
0.0898757609693	8.964
0.0900720464003	8.965
0.0902683433276	8.966
0.0904646517539	8.967
0.0906609716813	8.968
0.0908573031122	8.969
0.091053646049	8.97
0.0912500004941	8.971
0.0914463664498	8.972
0.0916427439185	8.973
0.0918391329024	8.974
0.0920355334041	8.975
0.0922319454258	8.976
0.0924283689698	8.977
0.0926248040387	8.978
0.0928212506346	8.979
0.09301770876	8.98
0.0932141784171	8.981
0.0934106596085	8.982
0.0936071523364	8.983
0.0938036566031	8.984
0.0940001724111	8.985
0.0941966997627	8.986
0.0943932386602	8.987
0.094589789106	8.988
0.0947863511025	8.989
0.0949829246519	8.99
0.0951795097568	8.991
0.0953761064193	8.992
0.095572714642	8.993
0.095769334427	8.994
0.0959659657769	8.995
0.0961626086939	8.996
0.0963592631804	8.997
0.0965559292387	8.998
0.0967526068712	8.999
0.0969492960803	9.0
0.0971459968683	9.001
0.0973427092376	9.002
0.0975394331905	9.003
0.0977361687294	9.004
0.0979329158566	9.005
0.0981296745744	9.006
0.0983264448854	9.007
0.0985232267917	9.008
0.0987200202957	9.009
0.0989168253999	9.01
0.0991136421065	9.011
0.0993104704179	9.012
0.0995073103365	9.013
0.0997041618646	9.014
0.0999010250045	9.015
0.100097899759	9.016
0.100294786129	9.017
0.100491684119	9.018
0.10068859373	9.019
0.100885514965	9.02
0.101082447825	9.021
0.101279392314	9.022
0.101476348434	9.023
0.101673316187	9.024
0.101870295575	9.025
0.102067286601	9.026
0.102264289267	9.027
0.102461303575	9.028
0.102658329528	9.029
0.102855367129	9.03
0.103052416378	9.031
0.10324947728	9.032
0.103446549836	9.033
0.103643634049	9.034
0.10384072992	9.035
0.104037837453	9.036
0.10423495665	9.037
0.104432087512	9.038
0.104629230043	9.039
0.104826384244	9.04
0.105023550119	9.041
0.105220727669	9.042
0.105417916896	9.043
0.105615117804	9.044
0.105812330394	9.045
0.106009554669	9.046
0.106206790631	9.047
0.106404038283	9.048
0.106601297626	9.049
0.106798568664	9.05
0.106995851398	9.051
0.107193145831	9.052
0.107390451966	9.053
0.107587769804	9.054
0.107785099348	9.055
0.1079824406	9.056
0.108179793563	9.057
0.108377158239	9.058
0.108574534631	9.059
0.10877192274	9.06
0.108969322569	9.061
0.10916673412	9.062
0.109364157397	9.063
0.1095615924	9.064
0.109759039133	9.065
0.109956497598	9.066
0.110153967797	9.067
0.110351449732	9.068
0.110548943407	9.069
0.110746448822	9.07
0.110943965981	9.071
0.111141494886	9.072
0.11133903554	9.073
0.111536587944	9.074
0.1117341521	9.075
0.111931728013	9.076
0.112129315683	9.077
0.112326915112	9.078
0.112524526305	9.079
0.112722149262	9.08
0.112919783986	9.081
0.113117430479	9.082
0.113315088745	9.083
0.113512758784	9.084
0.1137104406	9.085
0.113908134194	9.086
0.11410583957	9.087
0.11430355673	9.088
0.114501285675	9.089
0.114699026408	9.09
0.114896778932	9.091
0.115094543249	9.092
0.115292319361	9.093
0.115490107271	9.094
0.115687906981	9.095
0.115885718493	9.096
0.116083541809	9.097
0.116281376933	9.098
0.116479223866	9.099
0.11667708261	9.1
0.116874953169	9.101
0.117072835544	9.102
0.117270729738	9.103
0.117468635753	9.104
0.117666553591	9.105
0.117864483255	9.106
0.118062424747	9.107
0.11826037807	9.108
0.118458343226	9.109
0.118656320216	9.11
0.118854309045	9.111
0.119052309713	9.112
0.119250322223	9.113
0.119448346578	9.114
0.119646382779	9.115
0.11984443083	9.116
0.120042490733	9.117
0.120240562489	9.118
0.120438646102	9.119
0.120636741574	9.12
0.120834848906	9.121
0.121032968102	9.122
0.121231099163	9.123
0.121429242093	9.124
0.121627396892	9.125
0.121825563565	9.126
0.122023742112	9.127
0.122221932537	9.128
0.122420134842	9.129
0.122618349029	9.13
0.1228165751	9.131
0.123014813058	9.132
0.123213062905	9.133
0.123411324644	9.134
0.123609598276	9.135
0.123807883805	9.136
0.124006181232	9.137
0.12420449056	9.138
0.124402811791	9.139
0.124601144928	9.14
0.124799489973	9.141
0.124997846928	9.142
0.125196215795	9.143
0.125394596578	9.144
0.125592989277	9.145
0.125791393896	9.146
0.125989810438	9.147
0.126188238903	9.148
0.126386679295	9.149
0.126585131617	9.15
0.126783595869	9.151
0.126982072055	9.152
0.127180560177	9.153
0.127379060238	9.154
0.127577572239	9.155
0.127776096184	9.156
0.127974632073	9.157
0.128173179911	9.158
0.128371739698	9.159
0.128570311438	9.16
0.128768895133	9.161
0.128967490785	9.162
0.129166098396	9.163
0.129364717969	9.164
0.129563349506	9.165
0.12976199301	9.166
0.129960648483	9.167
0.130159315926	9.168
0.130357995344	9.169
0.130556686737	9.17
0.130755390108	9.171
0.13095410546	9.172
0.131152832795	9.173
0.131351572115	9.174
0.131550323422	9.175
0.13174908672	9.176
0.131947862009	9.177
0.132146649293	9.178
0.132345448575	9.179
0.132544259855	9.18
0.132743083137	9.181
0.132941918423	9.182
0.133140765716	9.183
0.133339625016	9.184
0.133538496328	9.185
0.133737379654	9.186
0.133936274995	9.187
0.134135182354	9.188
0.134334101733	9.189
0.134533033135	9.19
0.134731976562	9.191
0.134930932016	9.192
0.1351298995	9.193
0.135328879016	9.194
0.135527870567	9.195
0.135726874154	9.196
0.13592588978	9.197
0.136124917448	9.198
0.136323957159	9.199
0.136523008917	9.2
0.136722072723	9.201
0.13692114858	9.202
0.13712023649	9.203
0.137319336455	9.204
0.137518448478	9.205
0.137717572561	9.206
0.137916708707	9.207
0.138115856917	9.208
0.138315017195	9.209
0.138514189542	9.21
0.138713373961	9.211
0.138912570454	9.212
0.139111779023	9.213
0.139310999672	9.214
0.139510232401	9.215
0.139709477214	9.216
0.139908734113	9.217
0.1401080031	9.218
0.140307284178	9.219
0.140506577348	9.22
0.140705882614	9.221
0.140905199977	9.222
0.141104529441	9.223
0.141303871006	9.224
0.141503224676	9.225
0.141702590453	9.226
0.141901968339	9.227
0.142101358336	9.228
0.142300760448	9.229
0.142500174675	9.23
0.142699601022	9.231
0.142899039489	9.232
0.143098490079	9.233
0.143297952795	9.234
0.143497427639	9.235
0.143696914614	9.236
0.14389641372	9.237
0.144095924962	9.238
0.144295448341	9.239
0.14449498386	9.24
0.144694531521	9.241
0.144894091325	9.242
0.145093663277	9.243
0.145293247377	9.244
0.145492843629	9.245
0.145692452034	9.246
0.145892072596	9.247
0.146091705315	9.248
0.146291350196	9.249
0.146491007239	9.25
0.146690676447	9.251
0.146890357823	9.252
0.147090051369	9.253
0.147289757088	9.254
0.147489474981	9.255
0.147689205051	9.256
0.1478889473	9.257
0.148088701731	9.258
0.148288468346	9.259
0.148488247147	9.26
0.148688038137	9.261
0.148887841318	9.262
0.149087656692	9.263
0.149287484262	9.264
0.14948732403	9.265
0.149687175998	9.266
0.149887040169	9.267
0.150086916544	9.268
0.150286805128	9.269
0.15048670592	9.27
0.150686618925	9.271
0.150886544144	9.272
0.15108648158	9.273
0.151286431234	9.274
0.15148639311	9.275
0.15168636721	9.276
0.151886353535	9.277
0.152086352089	9.278
0.152286362874	9.279
0.152486385891	9.28
0.152686421144	9.281
0.152886468635	9.282
0.153086528365	9.283
0.153286600338	9.284
0.153486684555	9.285
0.153686781019	9.286
0.153886889733	9.287
0.154087010698	9.288
0.154287143918	9.289
0.154487289393	9.29
0.154687447127	9.291
0.154887617122	9.292
0.155087799381	9.293
0.155287993905	9.294
0.155488200697	9.295
0.155688419759	9.296
0.155888651094	9.297
0.156088894704	9.298
0.156289150591	9.299
0.156489418758	9.3
0.156689699206	9.301
0.156889991939	9.302
0.157090296959	9.303
0.157290614267	9.304
0.157490943867	9.305
0.15769128576	9.306
0.157891639949	9.307
0.158092006436	9.308
0.158292385224	9.309
0.158492776315	9.31
0.158693179711	9.311
0.158893595415	9.312
0.159094023429	9.313
0.159294463754	9.314
0.159494916395	9.315
0.159695381352	9.316
0.159895858628	9.317
0.160096348226	9.318
0.160296850148	9.319
0.160497364396	9.32
0.160697890972	9.321
0.16089842988	9.322
0.16109898112	9.323
0.161299544696	9.324
0.16150012061	9.325
0.161700708864	9.326
0.161901309461	9.327
0.162101922402	9.328
0.16230254769	9.329
0.162503185328	9.33
0.162703835318	9.331
0.162904497662	9.332
0.163105172362	9.333
0.163305859421	9.334
0.163506558841	9.335
0.163707270625	9.336
0.163907994774	9.337
0.164108731291	9.338
0.164309480179	9.339
0.16451024144	9.34
0.164711015075	9.341
0.164911801088	9.342
0.165112599481	9.343
0.165313410256	9.344
0.165514233415	9.345
0.165715068961	9.346
0.165915916895	9.347
0.166116777222	9.348
0.166317649941	9.349
0.166518535057	9.35
0.166719432571	9.351
0.166920342486	9.352
0.167121264804	9.353
0.167322199527	9.354
0.167523146657	9.355
0.167724106198	9.356
0.167925078151	9.357
0.168126062518	9.358
0.168327059302	9.359
0.168528068506	9.36
0.168729090131	9.361
0.16893012418	9.362
0.169131170655	9.363
0.169332229559	9.364
0.169533300894	9.365
0.169734384661	9.366
0.169935480865	9.367
0.170136589506	9.368
0.170337710587	9.369
0.170538844111	9.37
0.170739990079	9.371
0.170941148495	9.372
0.17114231936	9.373
0.171343502677	9.374
0.171544698448	9.375
0.171745906675	9.376
0.171947127361	9.377
0.172148360508	9.378
0.172349606118	9.379
0.172550864195	9.38
0.172752134739	9.381
0.172953417753	9.382
0.17315471324	9.383
0.173356021203	9.384
0.173557341642	9.385
0.173758674561	9.386
0.173960019962	9.387
0.174161377847	9.388
0.174362748219	9.389
0.17456413108	9.39
0.174765526432	9.391
0.174966934278	9.392
0.175168354619	9.393
0.175369787459	9.394
0.175571232799	9.395
0.175772690642	9.396
0.17597416099	9.397
0.176175643845	9.398
0.176377139211	9.399
0.176578647088	9.4
0.17678016748	9.401
0.176981700389	9.402
0.177183245816	9.403
0.177384803765	9.404
0.177586374238	9.405
0.177787957237	9.406
0.177989552764	9.407
0.178191160822	9.408
0.178392781413	9.409
0.178594414539	9.41
0.178796060203	9.411
0.178997718406	9.412
0.179199389152	9.413
0.179401072443	9.414
0.17960276828	9.415
0.179804476667	9.416
0.180006197605	9.417
0.180207931097	9.418
0.180409677145	9.419
0.180611435751	9.42
0.180813206919	9.421
0.181014990649	9.422
0.181216786945	9.423
0.181418595809	9.424
0.181620417242	9.425
0.181822251248	9.426
0.182024097829	9.427
0.182225956987	9.428
0.182427828724	9.429
0.182629713043	9.43
0.182831609946	9.431
0.183033519435	9.432
0.183235441512	9.433
0.183437376181	9.434
0.183639323443	9.435
0.1838412833	9.436
0.184043255755	9.437
0.18424524081	9.438
0.184447238468	9.439
0.184649248731	9.44
0.1848512716	9.441
0.18505330708	9.442
0.18525535517	9.443
0.185457415875	9.444
0.185659489197	9.445
0.185861575137	9.446
0.186063673698	9.447
0.186265784882	9.448
0.186467908692	9.449
0.18667004513	9.45
0.186872194198	9.451
0.187074355899	9.452
0.187276530234	9.453
0.187478717207	9.454
0.18768091682	9.455
0.187883129074	9.456
0.188085353972	9.457
0.188287591517	9.458
0.18848984171	9.459
0.188692104555	9.46
0.188894380053	9.461
0.189096668206	9.462
0.189298969018	9.463
0.18950128249	9.464
0.189703608625	9.465
0.189905947424	9.466
0.190108298891	9.467
0.190310663028	9.468
0.190513039836	9.469
0.190715429318	9.47
0.190917831477	9.471
0.191120246315	9.472
0.191322673834	9.473
0.191525114037	9.474
0.191727566925	9.475
0.191930032501	9.476
0.192132510768	9.477
0.192335001727	9.478
0.192537505381	9.479
0.192740021733	9.48
0.192942550784	9.481
0.193145092537	9.482
0.193347646994	9.483
0.193550214158	9.484
0.193752794031	9.485
0.193955386615	9.486
0.194157991912	9.487
0.194360609925	9.488
0.194563240656	9.489
0.194765884108	9.49
0.194968540282	9.491
0.195171209182	9.492
0.195373890808	9.493
0.195576585165	9.494
0.195779292253	9.495
0.195982012076	9.496
0.196184744635	9.497
0.196387489933	9.498
0.196590247972	9.499
0.196793018754	9.5
0.196995802283	9.501
0.197198598559	9.502
0.197401407586	9.503
0.197604229366	9.504
0.1978070639	9.505
0.198009911192	9.506
0.198212771244	9.507
0.198415644057	9.508
0.198618529635	9.509
0.198821427979	9.51
0.199024339093	9.511
0.199227262977	9.512
0.199430199635	9.513
0.199633149068	9.514
0.19983611128	9.515
0.200039086272	9.516
0.200242074047	9.517
0.200445074607	9.518
0.200648087954	9.519
0.20085111409	9.52
0.201054153019	9.521
0.201257204742	9.522
0.201460269261	9.523
0.201663346579	9.524
0.201866436699	9.525
0.202069539621	9.526
0.20227265535	9.527
0.202475783886	9.528
0.202678925233	9.529
0.202882079393	9.53
0.203085246367	9.531
0.203288426159	9.532
0.20349161877	9.533
0.203694824204	9.534
0.203898042461	9.535
0.204101273545	9.536
0.204304517458	9.537
0.204507774201	9.538
0.204711043778	9.539
0.204914326191	9.54
0.205117621442	9.541
0.205320929533	9.542
0.205524250467	9.543
0.205727584245	9.544
0.205930930871	9.545
0.206134290346	9.546
0.206337662674	9.547
0.206541047855	9.548
0.206744445892	9.549
0.206947856789	9.55
0.207151280546	9.551
0.207354717167	9.552
0.207558166653	9.553
0.207761629007	9.554
0.207965104232	9.555
0.208168592329	9.556
0.2083720933	9.557
0.208575607149	9.558
0.208779133877	9.559
0.208982673487	9.56
0.209186225981	9.561
0.209389791362	9.562
0.209593369631	9.563
0.20979696079	9.564
0.210000564843	9.565
0.210204181792	9.566
0.210407811638	9.567
0.210611454385	9.568
0.210815110034	9.569
0.211018778587	9.57
0.211222460048	9.571
0.211426154418	9.572
0.2116298617	9.573
0.211833581895	9.574
0.212037315007	9.575
0.212241061037	9.576
0.212444819988	9.577
0.212648591862	9.578
0.212852376661	9.579
0.213056174388	9.58
0.213259985046	9.581
0.213463808635	9.582
0.213667645159	9.583
0.21387149462	9.584
0.21407535702	9.585
0.214279232361	9.586
0.214483120647	9.587
0.214687021878	9.588
0.214890936058	9.589
0.215094863188	9.59
0.215298803272	9.591
0.21550275631	9.592
0.215706722306	9.593
0.215910701262	9.594
0.21611469318	9.595
0.216318698063	9.596
0.216522715912	9.597
0.21672674673	9.598
0.21693079052	9.599
0.217134847283	9.6
0.217338917022	9.601
0.21754299974	9.602
0.217747095438	9.603
0.217951204118	9.604
0.218155325784	9.605
0.218359460437	9.606
0.21856360808	9.607
0.218767768715	9.608
0.218971942344	9.609
0.219176128969	9.61
0.219380328594	9.611
0.219584541219	9.612
0.219788766848	9.613
0.219993005483	9.614
0.220197257125	9.615
0.220401521778	9.616
0.220605799444	9.617
0.220810090125	9.618
0.221014393822	9.619
0.22121871054	9.62
0.221423040278	9.621
0.221627383042	9.622
0.221831738831	9.623
0.222036107649	9.624
0.222240489498	9.625
0.22244488438	9.626
0.222649292298	9.627
0.222853713253	9.628
0.223058147249	9.629
0.223262594287	9.63
0.22346705437	9.631
0.2236715275	9.632
0.223876013679	9.633
0.224080512909	9.634
0.224285025193	9.635
0.224489550534	9.636
0.224694088933	9.637
0.224898640392	9.638
0.225103204915	9.639
0.225307782503	9.64
0.225512373159	9.641
0.225716976884	9.642
0.225921593682	9.643
0.226126223554	9.644
0.226330866502	9.645
0.22653552253	9.646
0.226740191639	9.647
0.226944873832	9.648
0.22714956911	9.649
0.227354277477	9.65
0.227558998934	9.651
0.227763733484	9.652
0.22796848113	9.653
0.228173241872	9.654
0.228378015714	9.655
0.228582802658	9.656
0.228787602706	9.657
0.22899241586	9.658
0.229197242124	9.659
0.229402081498	9.66
0.229606933986	9.661
0.229811799589	9.662
0.23001667831	9.663
0.230221570152	9.664
0.230426475116	9.665
0.230631393204	9.666
0.23083632442	9.667
0.231041268765	9.668
0.231246226242	9.669
0.231451196853	9.67
0.231656180599	9.671
0.231861177485	9.672
0.232066187511	9.673
0.23227121068	9.674
0.232476246994	9.675
0.232681296456	9.676
0.232886359068	9.677
0.233091434833	9.678
0.233296523751	9.679
0.233501625827	9.68
0.233706741061	9.681
0.233911869457	9.682
0.234117011016	9.683
0.234322165741	9.684
0.234527333635	9.685
0.234732514699	9.686
0.234937708935	9.687
0.235142916347	9.688
0.235348136936	9.689
0.235553370704	9.69
0.235758617654	9.691
0.235963877789	9.692
0.23616915111	9.693
0.236374437619	9.694
0.23657973732	9.695
0.236785050214	9.696
0.236990376303	9.697
0.237195715591	9.698
0.237401068078	9.699
0.237606433768	9.7
0.237811812662	9.701
0.238017204764	9.702
0.238222610075	9.703
0.238428028597	9.704
0.238633460333	9.705
0.238838905285	9.706
0.239044363455	9.707
0.239249834846	9.708
0.23945531946	9.709
0.2396608173	9.71
0.239866328366	9.711
0.240071852663	9.712
0.240277390191	9.713
0.240482940954	9.714
0.240688504953	9.715
0.240894082192	9.716
0.241099672671	9.717
0.241305276394	9.718
0.241510893362	9.719
0.241716523579	9.72
0.241922167046	9.721
0.242127823765	9.722
0.242333493739	9.723
0.242539176971	9.724
0.242744873461	9.725
0.242950583213	9.726
0.24315630623	9.727
0.243362042512	9.728
0.243567792063	9.729
0.243773554885	9.73
0.243979330979	9.731
0.244185120349	9.732
0.244390922997	9.733
0.244596738924	9.734
0.244802568134	9.735
0.245008410628	9.736
0.245214266408	9.737
0.245420135478	9.738
0.245626017839	9.739
0.245831913493	9.74
0.246037822444	9.741
0.246243744692	9.742
0.24644968024	9.743
0.246655629092	9.744
0.246861591248	9.745
0.247067566711	9.746
0.247273555484	9.747
0.247479557568	9.748
0.247685572966	9.749
0.247891601681	9.75
0.248097643714	9.751
0.248303699068	9.752
0.248509767745	9.753
0.248715849747	9.754
0.248921945077	9.755
0.249128053737	9.756
0.249334175729	9.757
0.249540311056	9.758
0.249746459719	9.759
0.249952621721	9.76
0.250158797065	9.761
0.250364985752	9.762
0.250571187784	9.763
0.250777403165	9.764
0.250983631897	9.765
0.25118987398	9.766
0.251396129419	9.767
0.251602398215	9.768
0.25180868037	9.769
0.252014975887	9.77
0.252221284768	9.771
0.252427607015	9.772
0.252633942631	9.773
0.252840291617	9.774
0.253046653977	9.775
0.253253029712	9.776
0.253459418824	9.777
0.253665821316	9.778
0.253872237191	9.779
0.254078666449	9.78
0.254285109095	9.781
0.254491565129	9.782
0.254698034555	9.783
0.254904517374	9.784
0.255111013589	9.785
0.255317523201	9.786
0.255524046214	9.787
0.25573058263	9.788
0.25593713245	9.789
0.256143695678	9.79
0.256350272315	9.791
0.256556862363	9.792
0.256763465825	9.793
0.256970082704	9.794
0.257176713001	9.795
0.257383356718	9.796
0.257590013859	9.797
0.257796684424	9.798
0.258003368418	9.799
0.258210065841	9.8
0.258416776696	9.801
0.258623500985	9.802
0.25883023871	9.803
0.259036989875	9.804
0.259243754481	9.805
0.25945053253	9.806
0.259657324024	9.807
0.259864128967	9.808
0.260070947359	9.809
0.260277779204	9.81
0.260484624504	9.811
0.26069148326	9.812
0.260898355476	9.813
0.261105241153	9.814
0.261312140294	9.815
0.261519052901	9.816
0.261725978976	9.817
0.261932918522	9.818
0.26213987154	9.819
0.262346838033	9.82
0.262553818004	9.821
0.262760811454	9.822
0.262967818386	9.823
0.263174838803	9.824
0.263381872705	9.825
0.263588920096	9.826
0.263795980978	9.827
0.264003055353	9.828
0.264210143224	9.829
0.264417244592	9.83
0.26462435946	9.831
0.26483148783	9.832
0.265038629705	9.833
0.265245785086	9.834
0.265452953977	9.835
0.265660136378	9.836
0.265867332293	9.837
0.266074541724	9.838
0.266281764673	9.839
0.266489001142	9.84
0.266696251133	9.841
0.26690351465	9.842
0.267110791693	9.843
0.267318082266	9.844
0.26752538637	9.845
0.267732704008	9.846
0.267940035182	9.847
0.268147379894	9.848
0.268354738147	9.849
0.268562109943	9.85
0.268769495284	9.851
0.268976894173	9.852
0.269184306611	9.853
0.2693917326	9.854
0.269599172144	9.855
0.269806625245	9.856
0.270014091904	9.857
0.270221572124	9.858
0.270429065907	9.859
0.270636573255	9.86
0.270844094172	9.861
0.271051628658	9.862
0.271259176716	9.863
0.271466738349	9.864
0.271674313558	9.865
0.271881902347	9.866
0.272089504716	9.867
0.27229712067	9.868
0.272504750208	9.869
0.272712393335	9.87
0.272920050052	9.871
0.273127720362	9.872
0.273335404266	9.873
0.273543101768	9.874
0.273750812868	9.875
0.27395853757	9.876
0.274166275876	9.877
0.274374027788	9.878
0.274581793308	9.879
0.274789572439	9.88
0.274997365182	9.881
0.275205171541	9.882
0.275412991516	9.883
0.275620825112	9.884
0.275828672329	9.885
0.27603653317	9.886
0.276244407637	9.887
0.276452295733	9.888
0.27666019746	9.889
0.27686811282	9.89
0.277076041815	9.891
0.277283984447	9.892
0.27749194072	9.893
0.277699910634	9.894
0.277907894193	9.895
0.278115891399	9.896
0.278323902253	9.897
0.278531926758	9.898
0.278739964917	9.899
0.278948016731	9.9
0.279156082203	9.901
0.279364161335	9.902
0.279572254129	9.903
0.279780360588	9.904
0.279988480714	9.905
0.280196614508	9.906
0.280404761975	9.907
0.280612923114	9.908
0.28082109793	9.909
0.281029286423	9.91
0.281237488597	9.911
0.281445704453	9.912
0.281653933994	9.913
0.281862177223	9.914
0.28207043414	9.915
0.282278704749	9.916
0.282486989052	9.917
0.282695287051	9.918
0.282903598748	9.919
0.283111924146	9.92
0.283320263246	9.921
0.283528616052	9.922
0.283736982565	9.923
0.283945362787	9.924
0.284153756721	9.925
0.284362164369	9.926
0.284570585733	9.927
0.284779020816	9.928
0.28498746962	9.929
0.285195932146	9.93
0.285404408398	9.931
0.285612898378	9.932
0.285821402087	9.933
0.286029919528	9.934
0.286238450703	9.935
0.286446995615	9.936
0.286655554265	9.937
0.286864126657	9.938
0.287072712791	9.939
0.287281312671	9.94
0.287489926299	9.941
0.287698553677	9.942
0.287907194807	9.943
0.288115849691	9.944
0.288324518332	9.945
0.288533200732	9.946
0.288741896893	9.947
0.288950606817	9.948
0.289159330507	9.949
0.289368067965	9.95
0.289576819193	9.951
0.289785584193	9.952
0.289994362968	9.953
0.29020315552	9.954
0.290411961851	9.955
0.290620781963	9.956
0.290829615859	9.957
0.29103846354	9.958
0.29124732501	9.959
0.29145620027	9.96
0.291665089322	9.961
0.29187399217	9.962
0.292082908814	9.963
0.292291839257	9.964
0.292500783502	9.965
0.292709741551	9.966
0.292918713406	9.967
0.293127699068	9.968
0.293336698542	9.969
0.293545711828	9.97
0.293754738929	9.971
0.293963779847	9.972
0.294172834584	9.973
0.294381903143	9.974
0.294590985526	9.975
0.294800081735	9.976
0.295009191773	9.977
0.295218315641	9.978
0.295427453342	9.979
0.295636604878	9.98
0.295845770251	9.981
0.296054949464	9.982
0.296264142518	9.983
0.296473349417	9.984
0.296682570161	9.985
0.296891804755	9.986
0.297101053199	9.987
0.297310315496	9.988
0.297519591648	9.989
0.297728881657	9.99
0.297938185527	9.991
0.298147503258	9.992
0.298356834853	9.993
0.298566180315	9.994
0.298775539645	9.995
0.298984912846	9.996
0.29919429992	9.997
0.29940370087	9.998
0.299613115697	9.999
0.299822544404	10.0
0.300031986992	10.001
0.300241443465	10.002
0.300450913825	10.003
0.300660398073	10.004
0.300869896212	10.005
0.301079408245	10.006
0.301288934173	10.007
0.301498473998	10.008
0.301708027723	10.009
0.301917595351	10.01
0.302127176882	10.011
0.302336772321	10.012
0.302546381668	10.013
0.302756004926	10.014
0.302965642097	10.015
0.303175293184	10.016
0.303384958189	10.017
0.303594637113	10.018
0.30380432996	10.019
0.304014036731	10.02
0.304223757429	10.021
0.304433492056	10.022
0.304643240614	10.023
0.304853003105	10.024
0.305062779531	10.025
0.305272569896	10.026
0.3054823742	10.027
0.305692192447	10.028
0.305902024639	10.029
0.306111870777	10.03
0.306321730864	10.031
0.306531604902	10.032
0.306741492893	10.033
0.30695139484	10.034
0.307161310745	10.035
0.307371240611	10.036
0.307581184438	10.037
0.30779114223	10.038
0.308001113989	10.039
0.308211099716	10.04
0.308421099415	10.041
0.308631113088	10.042
0.308841140736	10.043
0.309051182362	10.044
0.309261237968	10.045
0.309471307556	10.046
0.309681391129	10.047
0.309891488689	10.048
0.310101600238	10.049
0.310311725778	10.05
0.310521865312	10.051
0.310732018841	10.052
0.310942186368	10.053
0.311152367896	10.054
0.311362563426	10.055
0.31157277296	10.056
0.311782996501	10.057
0.311993234052	10.058
0.312203485613	10.059
0.312413751188	10.06
0.312624030779	10.061
0.312834324388	10.062
0.313044632017	10.063
0.313254953668	10.064
0.313465289344	10.065
0.313675639047	10.066
0.313886002779	10.067
0.314096380542	10.068
0.314306772338	10.069
0.314517178171	10.07
0.314727598041	10.071
0.314938031952	10.072
0.315148479904	10.073
0.315358941902	10.074
0.315569417946	10.075
0.31577990804	10.076
0.315990412184	10.077
0.316200930383	10.078
0.316411462637	10.079
0.316622008948	10.08
0.31683256932	10.081
0.317043143755	10.082
0.317253732254	10.083
0.31746433482	10.084
0.317674951455	10.085
0.317885582161	10.086
0.31809622694	10.087
0.318306885796	10.088
0.318517558729	10.089
0.318728245742	10.09
0.318938946838	10.091
0.319149662018	10.092
0.319360391285	10.093
0.319571134641	10.094
0.319781892089	10.095
0.31999266363	10.096
0.320203449266	10.097
0.320414249	10.098
0.320625062835	10.099
0.320835890771	10.1
0.321046732813	10.101
0.321257588961	10.102
0.321468459218	10.103
0.321679343586	10.104
0.321890242067	10.105
0.322101154664	10.106
0.322312081379	10.107
0.322523022214	10.108
0.322733977172	10.109
0.322944946253	10.11
0.323155929462	10.111
0.323366926799	10.112
0.323577938268	10.113
0.323788963869	10.114
0.324000003607	10.115
0.324211057482	10.116
0.324422125497	10.117
0.324633207654	10.118
0.324844303956	10.119
0.325055414404	10.12
0.325266539001	10.121
0.325477677749	10.122
0.32568883065	10.123
0.325899997707	10.124
0.326111178922	10.125
0.326322374296	10.126
0.326533583832	10.127
0.326744807533	10.128
0.326956045401	10.129
0.327167297437	10.13
0.327378563644	10.131
0.327589844024	10.132
0.327801138579	10.133
0.328012447313	10.134
0.328223770225	10.135
0.32843510732	10.136
0.328646458599	10.137
0.328857824065	10.138
0.329069203719	10.139
0.329280597564	10.14
0.329492005602	10.141
0.329703427836	10.142
0.329914864266	10.143
0.330126314897	10.144
0.330337779729	10.145
0.330549258766	10.146
0.330760752009	10.147
0.33097225946	10.148
0.331183781122	10.149
0.331395316997	10.15
0.331606867087	10.151
0.331818431394	10.152
0.332030009921	10.153
0.33224160267	10.154
0.332453209643	10.155
0.332664830842	10.156
0.332876466269	10.157
0.333088115927	10.158
0.333299779818	10.159
0.333511457943	10.16
0.333723150306	10.161
0.333934856909	10.162
0.334146577753	10.163
0.33435831284	10.164
0.334570062174	10.165
0.334781825756	10.166
0.334993603589	10.167
0.335205395674	10.168
0.335417202014	10.169
0.335629022611	10.17
0.335840857467	10.171
0.336052706585	10.172
0.336264569966	10.173
0.336476447613	10.174
0.336688339529	10.175
0.336900245714	10.176
0.337112166172	10.177
0.337324100905	10.178
0.337536049915	10.179
0.337748013204	10.18
0.337959990774	10.181
0.338171982627	10.182
0.338383988767	10.183
0.338596009194	10.184
0.338808043911	10.185
0.339020092921	10.186
0.339232156225	10.187
0.339444233825	10.188
0.339656325725	10.189
0.339868431926	10.19
0.34008055243	10.191
0.34029268724	10.192
0.340504836357	10.193
0.340716999784	10.194
0.340929177524	10.195
0.341141369577	10.196
0.341353575947	10.197
0.341565796636	10.198
0.341778031646	10.199
0.341990280979	10.2
0.342202544637	10.201
0.342414822623	10.202
0.342627114938	10.203
0.342839421586	10.204
0.343051742567	10.205
0.343264077885	10.206
0.343476427541	10.207
0.343688791538	10.208
0.343901169878	10.209
0.344113562563	10.21
0.344325969595	10.211
0.344538390976	10.212
0.34475082671	10.213
0.344963276797	10.214
0.34517574124	10.215
0.345388220042	10.216
0.345600713204	10.217
0.345813220729	10.218
0.346025742618	10.219
0.346238278875	10.22
0.346450829501	10.221
0.346663394498	10.222
0.346875973869	10.223
0.347088567616	10.224
0.34730117574	10.225
0.347513798245	10.226
0.347726435133	10.227
0.347939086405	10.228
0.348151752064	10.229
0.348364432111	10.23
0.34857712655	10.231
0.348789835383	10.232
0.349002558611	10.233
0.349215296237	10.234
0.349428048262	10.235
0.34964081469	10.236
0.349853595522	10.237
0.350066390761	10.238
0.350279200409	10.239
0.350492024467	10.24
0.350704862939	10.241
0.350917715826	10.242
0.35113058313	10.243
0.351343464854	10.244
0.351556361	10.245
0.35176927157	10.246
0.351982196566	10.247
0.352195135991	10.248
0.352408089846	10.249
0.352621058134	10.25
0.352834040858	10.251
0.353047038018	10.252
0.353260049618	10.253
0.353473075659	10.254
0.353686116145	10.255
0.353899171076	10.256
0.354112240455	10.257
0.354325324285	10.258
0.354538422567	10.259
0.354751535304	10.26
0.354964662498	10.261
0.355177804151	10.262
0.355390960265	10.263
0.355604130843	10.264
0.355817315886	10.265
0.356030515397	10.266
0.356243729379	10.267
0.356456957832	10.268
0.35667020076	10.269
0.356883458165	10.27
0.357096730048	10.271
0.357310016412	10.272
0.35752331726	10.273
0.357736632592	10.274
0.357949962413	10.275
0.358163306723	10.276
0.358376665524	10.277
0.35859003882	10.278
0.358803426613	10.279
0.359016828903	10.28
0.359230245695	10.281
0.359443676989	10.282
0.359657122788	10.283
0.359870583094	10.284
0.36008405791	10.285
0.360297547237	10.286
0.360511051078	10.287
0.360724569435	10.288
0.36093810231	10.289
0.361151649706	10.29
0.361365211623	10.291
0.361578788066	10.292
0.361792379035	10.293
0.362005984533	10.294
0.362219604563	10.295
0.362433239126	10.296
0.362646888224	10.297
0.36286055186	10.298
0.363074230036	10.299
0.363287922754	10.3
0.363501630017	10.301
0.363715351826	10.302
0.363929088183	10.303
0.364142839092	10.304
0.364356604553	10.305
0.36457038457	10.306
0.364784179144	10.307
0.364997988277	10.308
0.365211811972	10.309
0.365425650231	10.31
0.365639503057	10.311
0.36585337045	10.312
0.366067252414	10.313
0.36628114895	10.314
0.366495060062	10.315
0.36670898575	10.316
0.366922926017	10.317
0.367136880866	10.318
0.367350850298	10.319
0.367564834316	10.32
0.367778832922	10.321
0.367992846118	10.322
0.368206873906	10.323
0.368420916288	10.324
0.368634973267	10.325
0.368849044845	10.326
0.369063131024	10.327
0.369277231806	10.328
0.369491347193	10.329
0.369705477187	10.33
0.369919621791	10.331
0.370133781007	10.332
0.370347954837	10.333
0.370562143283	10.334
0.370776346347	10.335
0.370990564032	10.336
0.371204796339	10.337
0.371419043272	10.338
0.371633304831	10.339
0.371847581019	10.34
0.372061871839	10.341
0.372276177293	10.342
0.372490497382	10.343
0.372704832109	10.344
0.372919181476	10.345
0.373133545485	10.346
0.373347924138	10.347
0.373562317439	10.348
0.373776725387	10.349
0.373991147987	10.35
0.37420558524	10.351
0.374420037148	10.352
0.374634503714	10.353
0.374848984939	10.354
0.375063480826	10.355
0.375277991377	10.356
0.375492516594	10.357
0.375707056479	10.358
0.375921611035	10.359
0.376136180263	10.36
0.376350764166	10.361
0.376565362746	10.362
0.376779976005	10.363
0.376994603946	10.364
0.37720924657	10.365
0.377423903879	10.366
0.377638575877	10.367
0.377853262564	10.368
0.378067963944	10.369
0.378282680017	10.37
0.378497410787	10.371
0.378712156256	10.372
0.378926916426	10.373
0.379141691299	10.374
0.379356480876	10.375
0.379571285161	10.376
0.379786104156	10.377
0.380000937862	10.378
0.380215786282	10.379
0.380430649418	10.38
0.380645527272	10.381
0.380860419846	10.382
0.381075327143	10.383
0.381290249165	10.384
0.381505185913	10.385
0.38172013739	10.386
0.381935103598	10.387
0.38215008454	10.388
0.382365080217	10.389
0.382580090632	10.39
0.382795115786	10.391
0.383010155683	10.392
0.383225210323	10.393
0.38344027971	10.394
0.383655363845	10.395
0.383870462731	10.396
0.38408557637	10.397
0.384300704763	10.398
0.384515847914	10.399
0.384731005824	10.4
0.384946178495	10.401
0.38516136593	10.402
0.38537656813	10.403
0.385591785099	10.404
0.385807016837	10.405
0.386022263348	10.406
0.386237524633	10.407
0.386452800695	10.408
0.386668091535	10.409
0.386883397156	10.41
0.38709871756	10.411
0.38731405275	10.412
0.387529402726	10.413
0.387744767492	10.414
0.38796014705	10.415
0.388175541402	10.416
0.38839095055	10.417
0.388606374495	10.418
0.388821813241	10.419
0.38903726679	10.42
0.389252735143	10.421
0.389468218303	10.422
0.389683716272	10.423
0.389899229051	10.424
0.390114756645	10.425
0.390330299053	10.426
0.390545856279	10.427
0.390761428325	10.428
0.390977015192	10.429
0.391192616884	10.43
0.391408233402	10.431
0.391623864748	10.432
0.391839510925	10.433
0.392055171934	10.434
0.392270847778	10.435
0.392486538459	10.436
0.392702243979	10.437
0.392917964341	10.438
0.393133699545	10.439
0.393349449596	10.44
0.393565214494	10.441
0.393780994242	10.442
0.393996788842	10.443
0.394212598296	10.444
0.394428422607	10.445
0.394644261776	10.446
0.394860115806	10.447
0.395075984698	10.448
0.395291868456	10.449
0.39550776708	10.45
0.395723680574	10.451
0.395939608939	10.452
0.396155552178	10.453
0.396371510293	10.454
0.396587483285	10.455
0.396803471157	10.456
0.397019473912	10.457
0.397235491551	10.458
0.397451524076	10.459
0.39766757149	10.46
0.397883633795	10.461
0.398099710993	10.462
0.398315803086	10.463
0.398531910076	10.464
0.398748031965	10.465
0.398964168756	10.466
0.39918032045	10.467
0.399396487051	10.468
0.399612668559	10.469
0.399828864978	10.47
0.400045076308	10.471
0.400261302553	10.472
0.400477543715	10.473
0.400693799796	10.474
0.400910070797	10.475
0.401126356721	10.476
0.401342657571	10.477
0.401558973347	10.478
0.401775304054	10.479
0.401991649691	10.48
0.402208010263	10.481
0.40242438577	10.482
0.402640776216	10.483
0.402857181601	10.484
0.403073601929	10.485
0.403290037202	10.486
0.403506487421	10.487
0.403722952589	10.488
0.403939432707	10.489
0.404155927779	10.49
0.404372437806	10.491
0.40458896279	10.492
0.404805502734	10.493
0.405022057639	10.494
0.405238627509	10.495
0.405455212344	10.496
0.405671812147	10.497
0.40588842692	10.498
0.406105056666	10.499
0.406321701386	10.5
0.406538361083	10.501
0.406755035759	10.502
0.406971725415	10.503
0.407188430055	10.504
0.407405149679	10.505
0.407621884291	10.506
0.407838633893	10.507
0.408055398486	10.508
0.408272178073	10.509
0.408488972656	10.51
0.408705782237	10.511
0.408922606818	10.512
0.409139446402	10.513
0.40935630099	10.514
0.409573170584	10.515
0.409790055187	10.516
0.410006954802	10.517
0.410223869429	10.518
0.410440799071	10.519
0.410657743731	10.52
0.41087470341	10.521
0.411091678111	10.522
0.411308667835	10.523
0.411525672585	10.524
0.411742692364	10.525
0.411959727172	10.526
0.412176777013	10.527
0.412393841888	10.528
0.4126109218	10.529
0.41282801675	10.53
0.413045126741	10.531
0.413262251775	10.532
0.413479391854	10.533
0.413696546981	10.534
0.413913717157	10.535
0.414130902384	10.536
0.414348102665	10.537
0.414565318002	10.538
0.414782548396	10.539
0.414999793851	10.54
0.415217054368	10.541
0.415434329949	10.542
0.415651620596	10.543
0.415868926313	10.544
0.4160862471	10.545
0.416303582959	10.546
0.416520933894	10.547
0.416738299906	10.548
0.416955680997	10.549
0.41717307717	10.55
0.417390488426	10.551
0.417607914767	10.552
0.417825356197	10.553
0.418042812716	10.554
0.418260284328	10.555
0.418477771033	10.556
0.418695272835	10.557
0.418912789735	10.558
0.419130321736	10.559
0.41934786884	10.56
0.419565431048	10.561
0.419783008364	10.562
0.420000600788	10.563
0.420218208324	10.564
0.420435830973	10.565
0.420653468738	10.566
0.42087112162	10.567
0.421088789622	10.568
0.421306472746	10.569
0.421524170994	10.57
0.421741884368	10.571
0.42195961287	10.572
0.422177356503	10.573
0.422395115268	10.574
0.422612889168	10.575
0.422830678204	10.576
0.42304848238	10.577
0.423266301696	10.578
0.423484136156	10.579
0.423701985761	10.58
0.423919850514	10.581
0.424137730415	10.582
0.424355625469	10.583
0.424573535676	10.584
0.42479146104	10.585
0.425009401561	10.586
0.425227357243	10.587
0.425445328087	10.588
0.425663314095	10.589
0.42588131527	10.59
0.426099331613	10.591
0.426317363127	10.592
0.426535409815	10.593
0.426753471677	10.594
0.426971548716	10.595
0.427189640935	10.596
0.427407748335	10.597
0.427625870919	10.598
0.427844008688	10.599
0.428062161645	10.6
0.428280329792	10.601
0.428498513132	10.602
0.428716711665	10.603
0.428934925394	10.604
0.429153154322	10.605
0.429371398451	10.606
0.429589657782	10.607
0.429807932318	10.608
0.430026222061	10.609
0.430244527012	10.61
0.430462847175	10.611
0.430681182551	10.612
0.430899533143	10.613
0.431117898952	10.614
0.431336279981	10.615
0.431554676231	10.616
0.431773087705	10.617
0.431991514406	10.618
0.432209956334	10.619
0.432428413493	10.62
0.432646885883	10.621
0.432865373509	10.622
0.433083876371	10.623
0.433302394471	10.624
0.433520927813	10.625
0.433739476397	10.626
0.433958040226	10.627
0.434176619303	10.628
0.434395213629	10.629
0.434613823206	10.63
0.434832448037	10.631
0.435051088123	10.632
0.435269743467	10.633
0.435488414071	10.634
0.435707099937	10.635
0.435925801067	10.636
0.436144517463	10.637
0.436363249128	10.638
0.436581996063	10.639
0.436800758271	10.64
0.437019535753	10.641
0.437238328512	10.642
0.43745713655	10.643
0.437675959869	10.644
0.437894798471	10.645
0.438113652358	10.646
0.438332521533	10.647
0.438551405997	10.648
0.438770305753	10.649
0.438989220803	10.65
0.439208151148	10.651
0.439427096791	10.652
0.439646057734	10.653
0.43986503398	10.654
0.44008402553	10.655
0.440303032386	10.656
0.44052205455	10.657
0.440741092025	10.658
0.440960144813	10.659
0.441179212916	10.66
0.441398296336	10.661
0.441617395074	10.662
0.441836509134	10.663
0.442055638517	10.664
0.442274783226	10.665
0.442493943262	10.666
0.442713118627	10.667
0.442932309325	10.668
0.443151515356	10.669
0.443370736723	10.67
0.443589973428	10.671
0.443809225473	10.672
0.44402849286	10.673
0.444247775592	10.674
0.444467073671	10.675
0.444686387097	10.676
0.444905715875	10.677
0.445125060005	10.678
0.445344419491	10.679
0.445563794333	10.68
0.445783184534	10.681
0.446002590097	10.682
0.446222011023	10.683
0.446441447314	10.684
0.446660898973	10.685
0.446880366002	10.686
0.447099848402	10.687
0.447319346176	10.688
0.447538859327	10.689
0.447758387855	10.69
0.447977931763	10.691
0.448197491054	10.692
0.448417065729	10.693
0.448636655791	10.694
0.448856261241	10.695
0.449075882082	10.696
0.449295518315	10.697
0.449515169944	10.698
0.449734836969	10.699
0.449954519394	10.7
0.45017421722	10.701
0.450393930449	10.702
0.450613659084	10.703
0.450833403126	10.704
0.451053162578	10.705
0.451272937442	10.706
0.451492727719	10.707
0.451712533412	10.708
0.451932354524	10.709
0.452152191055	10.71
0.452372043009	10.711
0.452591910387	10.712
0.452811793192	10.713
0.453031691425	10.714
0.453251605088	10.715
0.453471534185	10.716
0.453691478716	10.717
0.453911438684	10.718
0.454131414091	10.719
0.45435140494	10.72
0.454571411232	10.721
0.454791432969	10.722
0.455011470153	10.723
0.455231522787	10.724
0.455451590872	10.725
0.455671674412	10.726
0.455891773407	10.727
0.45611188786	10.728
0.456332017773	10.729
0.456552163148	10.73
0.456772323988	10.731
0.456992500293	10.732
0.457212692068	10.733
0.457432899312	10.734
0.45765312203	10.735
0.457873360222	10.736
0.45809361389	10.737
0.458313883038	10.738
0.458534167667	10.739
0.458754467778	10.74
0.458974783375	10.741
0.45919511446	10.742
0.459415461033	10.743
0.459635823098	10.744
0.459856200657	10.745
0.460076593711	10.746
0.460297002263	10.747
0.460517426315	10.748
0.460737865869	10.749
0.460958320926	10.75
0.46117879149	10.751
0.461399277562	10.752
0.461619779145	10.753
0.461840296239	10.754
0.462060828849	10.755
0.462281376975	10.756
0.462501940619	10.757
0.462722519785	10.758
0.462943114473	10.759
0.463163724686	10.76
0.463384350426	10.761
0.463604991695	10.762
0.463825648496	10.763
0.46404632083	10.764
0.464267008699	10.765
0.464487712105	10.766
0.464708431052	10.767
0.46492916554	10.768
0.465149915571	10.769
0.465370681149	10.77
0.465591462274	10.771
0.46581225895	10.772
0.466033071178	10.773
0.466253898959	10.774
0.466474742298	10.775
0.466695601194	10.776
0.466916475651	10.777
0.467137365671	10.778
0.467358271255	10.779
0.467579192406	10.78
0.467800129125	10.781
0.468021081416	10.782
0.46824204928	10.783
0.468463032718	10.784
0.468684031734	10.785
0.468905046329	10.786
0.469126076506	10.787
0.469347122265	10.788
0.469568183611	10.789
0.469789260544	10.79
0.470010353066	10.791
0.470231461181	10.792
0.470452584889	10.793
0.470673724193	10.794
0.470894879095	10.795
0.471116049597	10.796
0.471337235702	10.797
0.471558437411	10.798
0.471779654726	10.799
0.472000887649	10.8
0.472222136183	10.801
0.47244340033	10.802
0.472664680091	10.803
0.472885975469	10.804
0.473107286466	10.805
0.473328613084	10.806
0.473549955324	10.807
0.47377131319	10.808
0.473992686683	10.809
0.474214075806	10.81
0.474435480559	10.811
0.474656900946	10.812
0.474878336969	10.813
0.475099788629	10.814
0.475321255929	10.815
0.47554273887	10.816
0.475764237455	10.817
0.475985751686	10.818
0.476207281566	10.819
0.476428827095	10.82
0.476650388276	10.821
0.476871965112	10.822
0.477093557604	10.823
0.477315165754	10.824
0.477536789564	10.825
0.477758429037	10.826
0.477980084175	10.827
0.47820175498	10.828
0.478423441453	10.829
0.478645143597	10.83
0.478866861414	10.831
0.479088594906	10.832
0.479310344075	10.833
0.479532108923	10.834
0.479753889452	10.835
0.479975685664	10.836
0.480197497562	10.837
0.480419325148	10.838
0.480641168423	10.839
0.480863027389	10.84
0.481084902049	10.841
0.481306792405	10.842
0.481528698459	10.843
0.481750620212	10.844
0.481972557668	10.845
0.482194510827	10.846
0.482416479693	10.847
0.482638464267	10.848
0.482860464551	10.849
0.483082480547	10.85
0.483304512258	10.851
0.483526559685	10.852
0.483748622831	10.853
0.483970701698	10.854
0.484192796287	10.855
0.484414906601	10.856
0.484637032641	10.857
0.484859174411	10.858
0.485081331912	10.859
0.485303505145	10.86
0.485525694114	10.861
0.48574789882	10.862
0.485970119265	10.863
0.486192355452	10.864
0.486414607381	10.865
0.486636875057	10.866
0.48685915848	10.867
0.487081457652	10.868
0.487303772576	10.869
0.487526103254	10.87
0.487748449688	10.871
0.487970811879	10.872
0.488193189831	10.873
0.488415583545	10.874
0.488637993022	10.875
0.488860418266	10.876
0.489082859278	10.877
0.48930531606	10.878
0.489527788615	10.879
0.489750276944	10.88
0.489972781049	10.881
0.490195300933	10.882
0.490417836598	10.883
0.490640388045	10.884
0.490862955278	10.885
0.491085538297	10.886
0.491308137104	10.887
0.491530751703	10.888
0.491753382095	10.889
0.491976028282	10.89
0.492198690266	10.891
0.492421368049	10.892
0.492644061633	10.893
0.492866771021	10.894
0.493089496214	10.895
0.493312237215	10.896
0.493534994025	10.897
0.493757766646	10.898
0.493980555082	10.899
0.494203359333	10.9
0.494426179402	10.901
0.49464901529	10.902
0.494871867001	10.903
0.495094734535	10.904
0.495317617896	10.905
0.495540517085	10.906
0.495763432103	10.907
0.495986362954	10.908
0.496209309639	10.909
0.496432272161	10.91
0.496655250521	10.911
0.496878244721	10.912
0.497101254764	10.913
0.497324280652	10.914
0.497547322386	10.915
0.497770379968	10.916
0.497993453402	10.917
0.498216542688	10.918
0.498439647829	10.919
0.498662768827	10.92
0.498885905684	10.921
0.499109058402	10.922
0.499332226983	10.923
0.49955541143	10.924
0.499778611743	10.925
0.500001827926	10.926
0.50022505998	10.927
0.500448307908	10.928
0.50067157171	10.929
0.500894851391	10.93
0.501118146951	10.931
0.501341458392	10.932
0.501564785717	10.933
0.501788128928	10.934
0.502011488027	10.935
0.502234863015	10.936
0.502458253896	10.937
0.50268166067	10.938
0.50290508334	10.939
0.503128521909	10.94
0.503351976377	10.941
0.503575446748	10.942
0.503798933023	10.943
0.504022435204	10.944
0.504245953293	10.945
0.504469487293	10.946
0.504693037205	10.947
0.504916603032	10.948
0.505140184775	10.949
0.505363782436	10.95
0.505587396019	10.951
0.505811025524	10.952
0.506034670954	10.953
0.50625833231	10.954
0.506482009596	10.955
0.506705702812	10.956
0.506929411961	10.957
0.507153137045	10.958
0.507376878066	10.959
0.507600635027	10.96
0.507824407928	10.961
0.508048196773	10.962
0.508272001563	10.963
0.5084958223	10.964
0.508719658986	10.965
0.508943511624	10.966
0.509167380215	10.967
0.509391264762	10.968
0.509615165267	10.969
0.50983908173	10.97
0.510063014156	10.971
0.510286962545	10.972
0.5105109269	10.973
0.510734907223	10.974
0.510958903515	10.975
0.51118291578	10.976
0.511406944018	10.977
0.511630988232	10.978
0.511855048424	10.979
0.512079124597	10.98
0.512303216751	10.981
0.512527324889	10.982
0.512751449014	10.983
0.512975589127	10.984
0.51319974523	10.985
0.513423917326	10.986
0.513648105416	10.987
0.513872309502	10.988
0.514096529587	10.989
0.514320765672	10.99
0.51454501776	10.991
0.514769285852	10.992
0.514993569951	10.993
0.515217870059	10.994
0.515442186177	10.995
0.515666518308	10.996
0.515890866454	10.997
0.516115230617	10.998
0.516339610799	10.999
0.516564007001	11.0
0.516788419227	11.001
0.517012847477	11.002
0.517237291755	11.003
0.517461752062	11.004
0.517686228399	11.005
0.517910720771	11.006
0.518135229177	11.007
0.51835975362	11.008
0.518584294103	11.009
0.518808850627	11.01
0.519033423195	11.011
0.519258011807	11.012
0.519482616468	11.013
0.519707237178	11.014
0.519931873939	11.015
0.520156526754	11.016
0.520381195624	11.017
0.520605880553	11.018
0.52083058154	11.019
0.52105529859	11.02
0.521280031703	11.021
0.521504780883	11.022
0.52172954613	11.023
0.521954327446	11.024
0.522179124835	11.025
0.522403938298	11.026
0.522628767836	11.027
0.522853613453	11.028
0.52307847515	11.029
0.523303352929	11.03
0.523528246792	11.031
0.523753156741	11.032
0.523978082778	11.033
0.524203024906	11.034
0.524427983125	11.035
0.524652957439	11.036
0.52487794785	11.037
0.525102954359	11.038
0.525327976968	11.039
0.525553015679	11.04
0.525778070495	11.041
0.526003141418	11.042
0.526228228449	11.043
0.526453331591	11.044
0.526678450845	11.045
0.526903586214	11.046
0.527128737699	11.047
0.527353905304	11.048
0.527579089029	11.049
0.527804288876	11.05
0.528029504849	11.051
0.528254736948	11.052
0.528479985176	11.053
0.528705249535	11.054
0.528930530027	11.055
0.529155826654	11.056
0.529381139418	11.057
0.529606468321	11.058
0.529831813365	11.059
0.530057174552	11.06
0.530282551884	11.061
0.530507945363	11.062
0.530733354991	11.063
0.530958780771	11.064
0.531184222704	11.065
0.531409680791	11.066
0.531635155037	11.067
0.531860645441	11.068
0.532086152007	11.069
0.532311674736	11.07
0.532537213631	11.071
0.532762768692	11.072
0.532988339924	11.073
0.533213927326	11.074
0.533439530903	11.075
0.533665150654	11.076
0.533890786584	11.077
0.534116438693	11.078
0.534342106983	11.079
0.534567791457	11.08
0.534793492117	11.081
0.535019208964	11.082
0.535244942001	11.083
0.53547069123	11.084
0.535696456652	11.085
0.53592223827	11.086
0.536148036086	11.087
0.536373850102	11.088
0.536599680319	11.089
0.536825526741	11.09
0.537051389368	11.091
0.537277268203	11.092
0.537503163248	11.093
0.537729074505	11.094
0.537955001976	11.095
0.538180945663	11.096
0.538406905568	11.097
0.538632881693	11.098
0.53885887404	11.099
0.539084882611	11.1
0.539310907408	11.101
0.539536948433	11.102
0.539763005689	11.103
0.539989079176	11.104
0.540215168898	11.105
0.540441274856	11.106
0.540667397052	11.107
0.540893535488	11.108
0.541119690167	11.109
0.54134586109	11.11
0.541572048259	11.111
0.541798251676	11.112
0.542024471344	11.113
0.542250707264	11.114
0.542476959438	11.115
0.542703227869	11.116
0.542929512558	11.117
0.543155813508	11.118
0.54338213072	11.119
0.543608464196	11.12
0.543834813939	11.121
0.544061179951	11.122
0.544287562232	11.123
0.544513960787	11.124
0.544740375616	11.125
0.544966806721	11.126
0.545193254105	11.127
0.54541971777	11.128
0.545646197717	11.129
0.545872693949	11.13
0.546099206467	11.131
0.546325735274	11.132
0.546552280372	11.133
0.546778841762	11.134
0.547005419447	11.135
0.547232013428	11.136
0.547458623709	11.137
0.54768525029	11.138
0.547911893174	11.139
0.548138552362	11.14
0.548365227857	11.141
0.548591919661	11.142
0.548818627776	11.143
0.549045352204	11.144
0.549272092946	11.145
0.549498850005	11.146
0.549725623383	11.147
0.549952413082	11.148
0.550179219103	11.149
0.55040604145	11.15
0.550632880123	11.151
0.550859735125	11.152
0.551086606459	11.153
0.551313494125	11.154
0.551540398125	11.155
0.551767318463	11.156
0.55199425514	11.157
0.552221208158	11.158
0.552448177518	11.159
0.552675163224	11.16
0.552902165276	11.161
0.553129183677	11.162
0.55335621843	11.163
0.553583269535	11.164
0.553810336996	11.165
0.554037420813	11.166
0.554264520989	11.167
0.554491637527	11.168
0.554718770427	11.169
0.554945919692	11.17
0.555173085325	11.171
0.555400267326	11.172
0.555627465698	11.173
0.555854680444	11.174
0.556081911564	11.175
0.556309159062	11.176
0.556536422939	11.177
0.556763703196	11.178
0.556990999837	11.179
0.557218312863	11.18
0.557445642276	11.181
0.557672988078	11.182
0.557900350271	11.183
0.558127728857	11.184
0.558355123838	11.185
0.558582535216	11.186
0.558809962994	11.187
0.559037407172	11.188
0.559264867754	11.189
0.559492344741	11.19
0.559719838134	11.191
0.559947347937	11.192
0.560174874151	11.193
0.560402416778	11.194
0.560629975821	11.195
0.56085755128	11.196
0.561085143158	11.197
0.561312751458	11.198
0.56154037618	11.199
0.561768017328	11.2
0.561995674903	11.201
0.562223348907	11.202
0.562451039342	11.203
0.56267874621	11.204
0.562906469514	11.205
0.563134209254	11.206
0.563361965433	11.207
0.563589738054	11.208
0.563817527118	11.209
0.564045332626	11.21
0.564273154582	11.211
0.564500992987	11.212
0.564728847843	11.213
0.564956719152	11.214
0.565184606917	11.215
0.565412511138	11.216
0.565640431818	11.217
0.56586836896	11.218
0.566096322564	11.219
0.566324292634	11.22
0.566552279171	11.221
0.566780282176	11.222
0.567008301653	11.223
0.567236337603	11.224
0.567464390028	11.225
0.56769245893	11.226
0.567920544311	11.227
0.568148646173	11.228
0.568376764517	11.229
0.568604899347	11.23
0.568833050664	11.231
0.56906121847	11.232
0.569289402767	11.233
0.569517603557	11.234
0.569745820842	11.235
0.569974054624	11.236
0.570202304905	11.237
0.570430571687	11.238
0.570658854971	11.239
0.570887154761	11.24
0.571115471058	11.241
0.571343803863	11.242
0.57157215318	11.243
0.571800519009	11.244
0.572028901353	11.245
0.572257300214	11.246
0.572485715594	11.247
0.572714147495	11.248
0.572942595919	11.249
0.573171060868	11.25
0.573399542343	11.251
0.573628040347	11.252
0.573856554882	11.253
0.57408508595	11.254
0.574313633552	11.255
0.574542197692	11.256
0.57477077837	11.257
0.574999375589	11.258
0.57522798935	11.259
0.575456619657	11.26
0.57568526651	11.261
0.575913929912	11.262
0.576142609864	11.263
0.576371306369	11.264
0.576600019429	11.265
0.576828749045	11.266
0.57705749522	11.267
0.577286257956	11.268
0.577515037254	11.269
0.577743833117	11.27
0.577972645546	11.271
0.578201474544	11.272
0.578430320113	11.273
0.578659182254	11.274
0.578888060969	11.275
0.579116956261	11.276
0.579345868132	11.277
0.579574796583	11.278
0.579803741616	11.279
0.580032703234	11.28
0.580261681438	11.281
0.580490676231	11.282
0.580719687614	11.283
0.580948715589	11.284
0.581177760159	11.285
0.581406821325	11.286
0.581635899089	11.287
0.581864993454	11.288
0.582094104421	11.289
0.582323231992	11.29
0.582552376169	11.291
0.582781536955	11.292
0.583010714351	11.293
0.583239908359	11.294
0.583469118981	11.295
0.583698346219	11.296
0.583927590075	11.297
0.584156850552	11.298
0.58438612765	11.299
0.584615421373	11.3
0.584844731721	11.301
0.585074058698	11.302
0.585303402304	11.303
0.585532762543	11.304
0.585762139415	11.305
0.585991532924	11.306
0.58622094307	11.307
0.586450369856	11.308
0.586679813284	11.309
0.586909273356	11.31
0.587138750073	11.311
0.587368243438	11.312
0.587597753454	11.313
0.58782728012	11.314
0.588056823441	11.315
0.588286383417	11.316
0.588515960051	11.317
0.588745553344	11.318
0.5889751633	11.319
0.589204789918	11.32
0.589434433202	11.321
0.589664093154	11.322
0.589893769775	11.323
0.590123463068	11.324
0.590353173034	11.325
0.590582899676	11.326
0.590812642995	11.327
0.591042402993	11.328
0.591272179673	11.329
0.591501973036	11.33
0.591731783084	11.331
0.59196160982	11.332
0.592191453245	11.333
0.592421313361	11.334
0.59265119017	11.335
0.592881083674	11.336
0.593110993876	11.337
0.593340920776	11.338
0.593570864378	11.339
0.593800824683	11.34
0.594030801692	11.341
0.594260795409	11.342
0.594490805834	11.343
0.594720832971	11.344
0.59495087682	11.345
0.595180937384	11.346
0.595411014665	11.347
0.595641108665	11.348
0.595871219385	11.349
0.596101346829	11.35
0.596331490997	11.351
0.596561651891	11.352
0.596791829514	11.353
0.597022023868	11.354
0.597252234954	11.355
0.597482462775	11.356
0.597712707333	11.357
0.597942968629	11.358
0.598173246665	11.359
0.598403541443	11.36
0.598633852966	11.361
0.598864181236	11.362
0.599094526253	11.363
0.599324888021	11.364
0.599555266541	11.365
0.599785661816	11.366
0.600016073846	11.367
0.600246502635	11.368
0.600476948183	11.369
0.600707410494	11.37
0.600937889569	11.371
0.601168385409	11.372
0.601398898018	11.373
0.601629427396	11.374
0.601859973547	11.375
0.602090536471	11.376
0.602321116171	11.377
0.602551712649	11.378
0.602782325906	11.379
0.603012955945	11.38
0.603243602768	11.381
0.603474266376	11.382
0.603704946772	11.383
0.603935643957	11.384
0.604166357934	11.385
0.604397088705	11.386
0.60462783627	11.387
0.604858600633	11.388
0.605089381796	11.389
0.605320179759	11.39
0.605550994526	11.391
0.605781826098	11.392
0.606012674478	11.393
0.606243539666	11.394
0.606474421666	11.395
0.606705320478	11.396
0.606936236106	11.397
0.60716716855	11.398
0.607398117813	11.399
0.607629083898	11.4
0.607860066805	11.401
0.608091066536	11.402
0.608322083095	11.403
0.608553116482	11.404
0.6087841667	11.405
0.609015233751	11.406
0.609246317636	11.407
0.609477418357	11.408
0.609708535918	11.409
0.609939670318	11.41
0.610170821561	11.411
0.610401989648	11.412
0.610633174582	11.413
0.610864376364	11.414
0.611095594996	11.415
0.61132683048	11.416
0.611558082818	11.417
0.611789352012	11.418
0.612020638065	11.419
0.612251940977	11.42
0.612483260751	11.421
0.61271459739	11.422
0.612945950894	11.423
0.613177321265	11.424
0.613408708507	11.425
0.61364011262	11.426
0.613871533607	11.427
0.61410297147	11.428
0.61433442621	11.429
0.614565897829	11.43
0.61479738633	11.431
0.615028891714	11.432
0.615260413984	11.433
0.615491953141	11.434
0.615723509187	11.435
0.615955082125	11.436
0.616186671956	11.437
0.616418278681	11.438
0.616649902304	11.439
0.616881542826	11.44
0.617113200249	11.441
0.617344874574	11.442
0.617576565805	11.443
0.617808273942	11.444
0.618039998988	11.445
0.618271740945	11.446
0.618503499814	11.447
0.618735275598	11.448
0.618967068299	11.449
0.619198877918	11.45
0.619430704457	11.451
0.619662547919	11.452
0.619894408305	11.453
0.620126285617	11.454
0.620358179858	11.455
0.620590091029	11.456
0.620822019132	11.457
0.621053964169	11.458
0.621285926141	11.459
0.621517905052	11.46
0.621749900903	11.461
0.621981913696	11.462
0.622213943432	11.463
0.622445990114	11.464
0.622678053744	11.465
0.622910134323	11.466
0.623142231854	11.467
0.623374346338	11.468
0.623606477778	11.469
0.623838626175	11.47
0.624070791532	11.471
0.62430297385	11.472
0.624535173131	11.473
0.624767389377	11.474
0.62499962259	11.475
0.625231872772	11.476
0.625464139926	11.477
0.625696424052	11.478
0.625928725153	11.479
0.62616104323	11.48
0.626393378287	11.481
0.626625730324	11.482
0.626858099344	11.483
0.627090485349	11.484
0.627322888339	11.485
0.627555308319	11.486
0.627787745288	11.487
0.62802019925	11.488
0.628252670207	11.489
0.628485158159	11.49
0.62871766311	11.491
0.62895018506	11.492
0.629182724013	11.493
0.62941527997	11.494
0.629647852932	11.495
0.629880442903	11.496
0.630113049883	11.497
0.630345673874	11.498
0.63057831488	11.499
0.630810972901	11.5
0.631043647939	11.501
0.631276339997	11.502
0.631509049077	11.503
0.631741775179	11.504
0.631974518307	11.505
0.632207278462	11.506
0.632440055646	11.507
0.632672849861	11.508
0.63290566111	11.509
0.633138489393	11.51
0.633371334713	11.511
0.633604197071	11.512
0.633837076471	11.513
0.634069972913	11.514
0.6343028864	11.515
0.634535816933	11.516
0.634768764515	11.517
0.635001729147	11.518
0.635234710831	11.519
0.63546770957	11.52
0.635700725365	11.521
0.635933758218	11.522
0.636166808131	11.523
0.636399875106	11.524
0.636632959144	11.525
0.636866060249	11.526
0.637099178422	11.527
0.637332313664	11.528
0.637565465978	11.529
0.637798635365	11.53
0.638031821828	11.531
0.638265025368	11.532
0.638498245988	11.533
0.638731483689	11.534
0.638964738473	11.535
0.639198010342	11.536
0.639431299299	11.537
0.639664605344	11.538
0.63989792848	11.539
0.64013126871	11.54
0.640364626033	11.541
0.640598000454	11.542
0.640831391973	11.543
0.641064800593	11.544
0.641298226315	11.545
0.641531669142	11.546
0.641765129075	11.547
0.641998606117	11.548
0.642232100268	11.549
0.642465611532	11.55
0.64269913991	11.551
0.642932685403	11.552
0.643166248015	11.553
0.643399827746	11.554
0.643633424599	11.555
0.643867038576	11.556
0.644100669679	11.557
0.644334317908	11.558
0.644567983268	11.559
0.644801665759	11.56
0.645035365383	11.561
0.645269082142	11.562
0.645502816038	11.563
0.645736567074	11.564
0.64597033525	11.565
0.646204120569	11.566
0.646437923034	11.567
0.646671742644	11.568
0.646905579404	11.569
0.647139433314	11.57
0.647373304377	11.571
0.647607192594	11.572
0.647841097967	11.573
0.648075020499	11.574
0.648308960191	11.575
0.648542917045	11.576
0.648776891063	11.577
0.649010882247	11.578
0.649244890599	11.579
0.649478916121	11.58
0.649712958815	11.581
0.649947018682	11.582
0.650181095724	11.583
0.650415189944	11.584
0.650649301344	11.585
0.650883429925	11.586
0.651117575689	11.587
0.651351738638	11.588
0.651585918774	11.589
0.651820116099	11.59
0.652054330616	11.591
0.652288562325	11.592
0.652522811228	11.593
0.652757077329	11.594
0.652991360627	11.595
0.653225661127	11.596
0.653459978829	11.597
0.653694313735	11.598
0.653928665847	11.599
0.654163035167	11.6
0.654397421698	11.601
0.65463182544	11.602
0.654866246397	11.603
0.655100684569	11.604
0.655335139959	11.605
0.655569612568	11.606
0.6558041024	11.607
0.656038609454	11.608
0.656273133734	11.609
0.656507675241	11.61
0.656742233977	11.611
0.656976809945	11.612
0.657211403145	11.613
0.657446013581	11.614
0.657680641253	11.615
0.657915286164	11.616
0.658149948316	11.617
0.65838462771	11.618
0.658619324349	11.619
0.658854038234	11.62
0.659088769368	11.621
0.659323517751	11.622
0.659558283387	11.623
0.659793066277	11.624
0.660027866423	11.625
0.660262683827	11.626
0.66049751849	11.627
0.660732370415	11.628
0.660967239604	11.629
0.661202126058	11.63
0.66143702978	11.631
0.661671950771	11.632
0.661906889033	11.633
0.662141844569	11.634
0.662376817379	11.635
0.662611807466	11.636
0.662846814833	11.637
0.66308183948	11.638
0.663316881409	11.639
0.663551940623	11.64
0.663787017124	11.641
0.664022110913	11.642
0.664257221993	11.643
0.664492350364	11.644
0.66472749603	11.645
0.664962658992	11.646
0.665197839251	11.647
0.665433036811	11.648
0.665668251672	11.649
0.665903483837	11.65
0.666138733307	11.651
0.666374000085	11.652
0.666609284172	11.653
0.66684458557	11.654
0.667079904282	11.655
0.667315240309	11.656
0.667550593652	11.657
0.667785964314	11.658
0.668021352298	11.659
0.668256757604	11.66
0.668492180234	11.661
0.668727620191	11.662
0.668963077476	11.663
0.669198552092	11.664
0.669434044039	11.665
0.669669553321	11.666
0.669905079939	11.667
0.670140623895	11.668
0.67037618519	11.669
0.670611763827	11.67
0.670847359808	11.671
0.671082973134	11.672
0.671318603808	11.673
0.671554251831	11.674
0.671789917205	11.675
0.672025599932	11.676
0.672261300014	11.677
0.672497017453	11.678
0.672732752251	11.679
0.672968504409	11.68
0.67320427393	11.681
0.673440060815	11.682
0.673675865067	11.683
0.673911686687	11.684
0.674147525678	11.685
0.67438338204	11.686
0.674619255776	11.687
0.674855146888	11.688
0.675091055378	11.689
0.675326981248	11.69
0.675562924499	11.691
0.675798885133	11.692
0.676034863153	11.693
0.67627085856	11.694
0.676506871356	11.695
0.676742901543	11.696
0.676978949123	11.697
0.677215014098	11.698
0.67745109647	11.699
0.67768719624	11.7
0.677923313411	11.701
0.678159447984	11.702
0.678395599961	11.703
0.678631769345	11.704
0.678867956136	11.705
0.679104160338	11.706
0.679340381951	11.707
0.679576620978	11.708
0.679812877421	11.709
0.680049151281	11.71
0.680285442561	11.711
0.680521751262	11.712
0.680758077386	11.713
0.680994420935	11.714
0.681230781911	11.715
0.681467160316	11.716
0.681703556152	11.717
0.681939969421	11.718
0.682176400124	11.719
0.682412848263	11.72
0.682649313841	11.721
0.682885796859	11.722
0.683122297319	11.723
0.683358815223	11.724
0.683595350573	11.725
0.683831903371	11.726
0.684068473618	11.727
0.684305061317	11.728
0.684541666469	11.729
0.684778289077	11.73
0.685014929142	11.731
0.685251586666	11.732
0.685488261651	11.733
0.685724954099	11.734
0.685961664011	11.735
0.68619839139	11.736
0.686435136238	11.737
0.686671898556	11.738
0.686908678346	11.739
0.687145475611	11.74
0.687382290352	11.741
0.68761912257	11.742
0.687855972268	11.743
0.688092839449	11.744
0.688329724112	11.745
0.688566626262	11.746
0.688803545898	11.747
0.689040483024	11.748
0.689277437641	11.749
0.689514409751	11.75
0.689751399356	11.751
0.689988406458	11.752
0.690225431058	11.753
0.690462473159	11.754
0.690699532762	11.755
0.69093660987	11.756
0.691173704484	11.757
0.691410816606	11.758
0.691647946238	11.759
0.691885093382	11.76
0.692122258039	11.761
0.692359440212	11.762
0.692596639903	11.763
0.692833857113	11.764
0.693071091844	11.765
0.693308344098	11.766
0.693545613878	11.767
0.693782901184	11.768
0.694020206019	11.769
0.694257528384	11.77
0.694494868283	11.771
0.694732225715	11.772
0.694969600684	11.773
0.695206993191	11.774
0.695444403238	11.775
0.695681830827	11.776
0.69591927596	11.777
0.696156738638	11.778
0.696394218864	11.779
0.69663171664	11.78
0.696869231966	11.781
0.697106764846	11.782
0.697344315281	11.783
0.697581883273	11.784
0.697819468824	11.785
0.698057071935	11.786
0.698294692609	11.787
0.698532330847	11.788
0.698769986652	11.789
0.699007660025	11.79
0.699245350968	11.791
0.699483059483	11.792
0.699720785571	11.793
0.699958529236	11.794
0.700196290478	11.795
0.700434069299	11.796
0.700671865702	11.797
0.700909679687	11.798
0.701147511258	11.799
0.701385360416	11.8
0.701623227163	11.801
0.7018611115	11.802
0.70209901343	11.803
0.702336932954	11.804
0.702574870074	11.805
0.702812824793	11.806
0.703050797111	11.807
0.703288787032	11.808
0.703526794556	11.809
0.703764819686	11.81
0.704002862424	11.811
0.70424092277	11.812
0.704479000729	11.813
0.7047170963	11.814
0.704955209486	11.815
0.705193340289	11.816
0.705431488711	11.817
0.705669654753	11.818
0.705907838418	11.819
0.706146039707	11.82
0.706384258622	11.821
0.706622495166	11.822
0.706860749339	11.823
0.707099021144	11.824
0.707337310583	11.825
0.707575617658	11.826
0.707813942369	11.827
0.708052284721	11.828
0.708290644713	11.829
0.708529022348	11.83
0.708767417628	11.831
0.709005830555	11.832
0.70924426113	11.833
0.709482709356	11.834
0.709721175234	11.835
0.709959658767	11.836
0.710198159955	11.837
0.710436678802	11.838
0.710675215308	11.839
0.710913769476	11.84
0.711152341307	11.841
0.711390930804	11.842
0.711629537968	11.843
0.711868162801	11.844
0.712106805306	11.845
0.712345465483	11.846
0.712584143334	11.847
0.712822838862	11.848
0.713061552069	11.849
0.713300282956	11.85
0.713539031525	11.851
0.713777797778	11.852
0.714016581717	11.853
0.714255383344	11.854
0.714494202661	11.855
0.714733039668	11.856
0.71497189437	11.857
0.715210766766	11.858
0.715449656859	11.859
0.715688564651	11.86
0.715927490144	11.861
0.71616643334	11.862
0.71640539424	11.863
0.716644372847	11.864
0.716883369161	11.865
0.717122383186	11.866
0.717361414923	11.867
0.717600464373	11.868
0.717839531539	11.869
0.718078616423	11.87
0.718317719026	11.871
0.71855683935	11.872
0.718795977397	11.873
0.719035133169	11.874
0.719274306668	11.875
0.719513497895	11.876
0.719752706853	11.877
0.719991933544	11.878
0.720231177968	11.879
0.720470440129	11.88
0.720709720027	11.881
0.720949017665	11.882
0.721188333045	11.883
0.721427666169	11.884
0.721667017037	11.885
0.721906385653	11.886
0.722145772018	11.887
0.722385176134	11.888
0.722624598003	11.889
0.722864037626	11.89
0.723103495006	11.891
0.723342970144	11.892
0.723582463042	11.893
0.723821973702	11.894
0.724061502126	11.895
0.724301048316	11.896
0.724540612273	11.897
0.724780194	11.898
0.725019793498	11.899
0.725259410769	11.9
0.725499045815	11.901
0.725738698638	11.902
0.72597836924	11.903
0.726218057622	11.904
0.726457763787	11.905
0.726697487735	11.906
0.72693722947	11.907
0.727176988993	11.908
0.727416766306	11.909
0.72765656141	11.91
0.727896374308	11.911
0.728136205001	11.912
0.728376053491	11.913
0.728615919781	11.914
0.728855803871	11.915
0.729095705764	11.916
0.729335625461	11.917
0.729575562965	11.918
0.729815518277	11.919
0.7300554914	11.92
0.730295482334	11.921
0.730535491082	11.922
0.730775517646	11.923
0.731015562027	11.924
0.731255624228	11.925
0.731495704249	11.926
0.731735802094	11.927
0.731975917764	11.928
0.732216051261	11.929
0.732456202586	11.93
0.732696371741	11.931
0.732936558729	11.932
0.733176763551	11.933
0.733416986209	11.934
0.733657226704	11.935
0.73389748504	11.936
0.734137761217	11.937
0.734378055237	11.938
0.734618367102	11.939
0.734858696814	11.94
0.735099044376	11.941
0.735339409788	11.942
0.735579793052	11.943
0.735820194171	11.944
0.736060613146	11.945
0.736301049979	11.946
0.736541504672	11.947
0.736781977227	11.948
0.737022467646	11.949
0.73726297593	11.95
0.737503502081	11.951
0.737744046101	11.952
0.737984607993	11.953
0.738225187757	11.954
0.738465785395	11.955
0.738706400911	11.956
0.738947034304	11.957
0.739187685578	11.958
0.739428354734	11.959
0.739669041773	11.96
0.739909746699	11.961
0.740150469511	11.962
0.740391210213	11.963
0.740631968807	11.964
0.740872745293	11.965
0.741113539674	11.966
0.741354351952	11.967
0.741595182129	11.968
0.741836030206	11.969
0.742076896185	11.97
0.742317780068	11.971
0.742558681857	11.972
0.742799601554	11.973
0.74304053916	11.974
0.743281494678	11.975
0.743522468109	11.976
0.743763459455	11.977
0.744004468718	11.978
0.7442454959	11.979
0.744486541002	11.98
0.744727604027	11.981
0.744968684976	11.982
0.745209783851	11.983
0.745450900654	11.984
0.745692035387	11.985
0.745933188051	11.986
0.746174358649	11.987
0.746415547182	11.988
0.746656753652	11.989
0.746897978061	11.99
0.747139220411	11.991
0.747380480703	11.992
0.74762175894	11.993
0.747863055123	11.994
0.748104369254	11.995
0.748345701335	11.996
0.748587051367	11.997
0.748828419354	11.998
0.749069805295	11.999
0.749311209194	12.0
0.749552631052	12.001
0.749794070871	12.002
0.750035528653	12.003
0.750277004399	12.004
0.750518498111	12.005
0.750760009792	12.006
0.751001539443	12.007
0.751243087065	12.008
0.751484652661	12.009
0.751726236233	12.01
0.751967837782	12.011
0.752209457311	12.012
0.75245109482	12.013
0.752692750312	12.014
0.752934423789	12.015
0.753176115253	12.016
0.753417824704	12.017
0.753659552146	12.018
0.75390129758	12.019
0.754143061008	12.02
0.754384842431	12.021
0.754626641851	12.022
0.754868459271	12.023
0.755110294692	12.024
0.755352148116	12.025
0.755594019545	12.026
0.75583590898	12.027
0.756077816424	12.028
0.756319741878	12.029
0.756561685344	12.03
0.756803646824	12.031
0.757045626319	12.032
0.757287623832	12.033
0.757529639365	12.034
0.757771672918	12.035
0.758013724495	12.036
0.758255794096	12.037
0.758497881724	12.038
0.758739987381	12.039
0.758982111068	12.04
0.759224252786	12.041
0.759466412539	12.042
0.759708590328	12.043
0.759950786154	12.044
0.760193000019	12.045
0.760435231926	12.046
0.760677481876	12.047
0.76091974987	12.048
0.761162035911	12.049
0.761404340001	12.05
0.761646662141	12.051
0.761889002333	12.052
0.762131360579	12.053
0.762373736881	12.054
0.762616131241	12.055
0.76285854366	12.056
0.76310097414	12.057
0.763343422683	12.058
0.763585889291	12.059
0.763828373966	12.06
0.764070876709	12.061
0.764313397522	12.062
0.764555936408	12.063
0.764798493368	12.064
0.765041068403	12.065
0.765283661516	12.066
0.765526272708	12.067
0.765768901982	12.068
0.766011549338	12.069
0.76625421478	12.07
0.766496898308	12.071
0.766739599924	12.072
0.766982319631	12.073
0.76722505743	12.074
0.767467813323	12.075
0.767710587312	12.076
0.767953379398	12.077
0.768196189584	12.078
0.76843901787	12.079
0.76868186426	12.08
0.768924728755	12.081
0.769167611356	12.082
0.769410512065	12.083
0.769653430885	12.084
0.769896367817	12.085
0.770139322863	12.086
0.770382296024	12.087
0.770625287303	12.088
0.770868296702	12.089
0.771111324221	12.09
0.771354369863	12.091
0.77159743363	12.092
0.771840515524	12.093
0.772083615546	12.094
0.772326733698	12.095
0.772569869982	12.096
0.7728130244	12.097
0.773056196954	12.098
0.773299387645	12.099
0.773542596475	12.1
0.773785823446	12.101
0.77402906856	12.102
0.774272331819	12.103
0.774515613224	12.104
0.774758912778	12.105
0.775002230481	12.106
0.775245566337	12.107
0.775488920346	12.108
0.77573229251	12.109
0.775975682832	12.11
0.776219091313	12.111
0.776462517955	12.112
0.77670596276	12.113
0.776949425729	12.114
0.777192906865	12.115
0.777436406169	12.116
0.777679923642	12.117
0.777923459288	12.118
0.778167013107	12.119
0.778410585101	12.12
0.778654175273	12.121
0.778897783624	12.122
0.779141410155	12.123
0.779385054869	12.124
0.779628717767	12.125
0.779872398852	12.126
0.780116098124	12.127
0.780359815587	12.128
0.780603551241	12.129
0.780847305088	12.13
0.781091077131	12.131
0.78133486737	12.132
0.781578675809	12.133
0.781822502448	12.134
0.78206634729	12.135
0.782310210335	12.136
0.782554091587	12.137
0.782797991047	12.138
0.783041908716	12.139
0.783285844597	12.14
0.783529798691	12.141
0.783773771	12.142
0.784017761525	12.143
0.78426177027	12.144
0.784505797235	12.145
0.784749842422	12.146
0.784993905833	12.147
0.78523798747	12.148
0.785482087335	12.149
0.785726205429	12.15
0.785970341754	12.151
0.786214496313	12.152
0.786458669106	12.153
0.786702860136	12.154
0.786947069404	12.155
0.787191296913	12.156
0.787435542663	12.157
0.787679806657	12.158
0.787924088897	12.159
0.788168389385	12.16
0.788412708121	12.161
0.788657045109	12.162
0.78890140035	12.163
0.789145773845	12.164
0.789390165596	12.165
0.789634575606	12.166
0.789879003875	12.167
0.790123450407	12.168
0.790367915202	12.169
0.790612398262	12.17
0.79085689959	12.171
0.791101419186	12.172
0.791345957053	12.173
0.791590513193	12.174
0.791835087607	12.175
0.792079680298	12.176
0.792324291266	12.177
0.792568920514	12.178
0.792813568044	12.179
0.793058233856	12.18
0.793302917954	12.181
0.793547620339	12.182
0.793792341013	12.183
0.794037079977	12.184
0.794281837233	12.185
0.794526612783	12.186
0.79477140663	12.187
0.795016218774	12.188
0.795261049217	12.189
0.795505897961	12.19
0.795750765009	12.191
0.795995650361	12.192
0.79624055402	12.193
0.796485475988	12.194
0.796730416265	12.195
0.796975374855	12.196
0.797220351758	12.197
0.797465346977	12.198
0.797710360513	12.199
0.797955392369	12.2
0.798200442545	12.201
0.798445511044	12.202
0.798690597867	12.203
0.798935703017	12.204
0.799180826495	12.205
0.799425968303	12.206
0.799671128442	12.207
0.799916306915	12.208
0.800161503723	12.209
0.800406718868	12.21
0.800651952351	12.211
0.800897204176	12.212
0.801142474342	12.213
0.801387762853	12.214
0.80163306971	12.215
0.801878394915	12.216
0.802123738469	12.217
0.802369100374	12.218
0.802614480632	12.219
0.802859879245	12.22
0.803105296215	12.221
0.803350731544	12.222
0.803596185232	12.223
0.803841657283	12.224
0.804087147697	12.225
0.804332656477	12.226
0.804578183624	12.227
0.80482372914	12.228
0.805069293028	12.229
0.805314875288	12.23
0.805560475922	12.231
0.805806094933	12.232
0.806051732322	12.233
0.80629738809	12.234
0.80654306224	12.235
0.806788754774	12.236
0.807034465693	12.237
0.807280194998	12.238
0.807525942693	12.239
0.807771708777	12.24
0.808017493255	12.241
0.808263296126	12.242
0.808509117393	12.243
0.808754957058	12.244
0.809000815122	12.245
0.809246691587	12.246
0.809492586455	12.247
0.809738499728	12.248
0.809984431408	12.249
0.810230381496	12.25
0.810476349994	12.251
0.810722336904	12.252
0.810968342227	12.253
0.811214365966	12.254
0.811460408122	12.255
0.811706468697	12.256
0.811952547693	12.257
0.812198645111	12.258
0.812444760953	12.259
0.812690895222	12.26
0.812937047918	12.261
0.813183219044	12.262
0.813429408602	12.263
0.813675616593	12.264
0.813921843018	12.265
0.814168087881	12.266
0.814414351181	12.267
0.814660632923	12.268
0.814906933106	12.269
0.815153251733	12.27
0.815399588805	12.271
0.815645944325	12.272
0.815892318294	12.273
0.816138710714	12.274
0.816385121587	12.275
0.816631550914	12.276
0.816877998698	12.277
0.817124464939	12.278
0.81737094964	12.279
0.817617452803	12.28
0.817863974429	12.281
0.81811051452	12.282
0.818357073078	12.283
0.818603650105	12.284
0.818850245602	12.285
0.819096859572	12.286
0.819343492015	12.287
0.819590142934	12.288
0.81983681233	12.289
0.820083500206	12.29
0.820330206563	12.291
0.820576931402	12.292
0.820823674726	12.293
0.821070436537	12.294
0.821317216835	12.295
0.821564015624	12.296
0.821810832904	12.297
0.822057668678	12.298
0.822304522946	12.299
0.822551395712	12.3
0.822798286976	12.301
0.823045196741	12.302
0.823292125008	12.303
0.82353907178	12.304
0.823786037057	12.305
0.824033020841	12.306
0.824280023135	12.307
0.82452704394	12.308
0.824774083258	12.309
0.82502114109	12.31
0.825268217439	12.311
0.825515312306	12.312
0.825762425693	12.313
0.826009557601	12.314
0.826256708033	12.315
0.82650387699	12.316
0.826751064474	12.317
0.826998270487	12.318
0.827245495031	12.319
0.827492738106	12.32
0.827739999716	12.321
0.827987279862	12.322
0.828234578545	12.323
0.828481895767	12.324
0.828729231531	12.325
0.828976585837	12.326
0.829223958688	12.327
0.829471350085	12.328
0.829718760031	12.329
0.829966188526	12.33
0.830213635573	12.331
0.830461101174	12.332
0.830708585329	12.333
0.830956088042	12.334
0.831203609313	12.335
0.831451149145	12.336
0.831698707539	12.337
0.831946284497	12.338
0.83219388002	12.339
0.832441494111	12.34
0.832689126772	12.341
0.832936778003	12.342
0.833184447808	12.343
0.833432136186	12.344
0.833679843141	12.345
0.833927568675	12.346
0.834175312788	12.347
0.834423075482	12.348
0.83467085676	12.349
0.834918656623	12.35
0.835166475073	12.351
0.835414312111	12.352
0.83566216774	12.353
0.835910041961	12.354
0.836157934775	12.355
0.836405846186	12.356
0.836653776194	12.357
0.836901724801	12.358
0.837149692008	12.359
0.837397677819	12.36
0.837645682234	12.361
0.837893705255	12.362
0.838141746884	12.363
0.838389807122	12.364
0.838637885972	12.365
0.838885983436	12.366
0.839134099514	12.367
0.839382234209	12.368
0.839630387522	12.369
0.839878559456	12.37
0.840126750011	12.371
0.84037495919	12.372
0.840623186995	12.373
0.840871433427	12.374
0.841119698487	12.375
0.841367982179	12.376
0.841616284503	12.377
0.841864605461	12.378
0.842112945055	12.379
0.842361303287	12.38
0.842609680159	12.381
0.842858075671	12.382
0.843106489827	12.383
0.843354922627	12.384
0.843603374074	12.385
0.843851844169	12.386
0.844100332914	12.387
0.844348840311	12.388
0.844597366361	12.389
0.844845911066	12.39
0.845094474429	12.391
0.84534305645	12.392
0.845591657132	12.393
0.845840276475	12.394
0.846088914483	12.395
0.846337571157	12.396
0.846586246498	12.397
0.846834940508	12.398
0.847083653189	12.399
0.847332384543	12.4
0.847581134571	12.401
0.847829903276	12.402
0.848078690658	12.403
0.84832749672	12.404
0.848576321464	12.405
0.848825164891	12.406
0.849074027003	12.407
0.849322907801	12.408
0.849571807288	12.409
0.849820725465	12.41
0.850069662334	12.411
0.850318617897	12.412
0.850567592155	12.413
0.85081658511	12.414
0.851065596764	12.415
0.851314627119	12.416
0.851563676176	12.417
0.851812743937	12.418
0.852061830404	12.419
0.852310935579	12.42
0.852560059463	12.421
0.852809202058	12.422
0.853058363366	12.423
0.853307543389	12.424
0.853556742128	12.425
0.853805959585	12.426
0.854055195761	12.427
0.85430445066	12.428
0.854553724282	12.429
0.854803016628	12.43
0.855052327702	12.431
0.855301657504	12.432
0.855551006036	12.433
0.8558003733	12.434
0.856049759298	12.435
0.856299164032	12.436
0.856548587502	12.437
0.856798029712	12.438
0.857047490662	12.439
0.857296970355	12.44
0.857546468792	12.441
0.857795985975	12.442
0.858045521906	12.443
0.858295076586	12.444
0.858544650017	12.445
0.858794242201	12.446
0.859043853139	12.447
0.859293482834	12.448
0.859543131287	12.449
0.8597927985	12.45
0.860042484474	12.451
0.860292189212	12.452
0.860541912714	12.453
0.860791654984	12.454
0.861041416022	12.455
0.86129119583	12.456
0.86154099441	12.457
0.861790811764	12.458
0.862040647893	12.459
0.8622905028	12.46
0.862540376485	12.461
0.862790268951	12.462
0.863040180199	12.463
0.863290110232	12.464
0.86354005905	12.465
0.863790026656	12.466
0.864040013052	12.467
0.864290018238	12.468
0.864540042217	12.469
0.864790084991	12.47
0.865040146561	12.471
0.865290226928	12.472
0.865540326096	12.473
0.865790444065	12.474
0.866040580837	12.475
0.866290736414	12.476
0.866540910798	12.477
0.86679110399	12.478
0.867041315993	12.479
0.867291546807	12.48
0.867541796434	12.481
0.867792064877	12.482
0.868042352137	12.483
0.868292658216	12.484
0.868542983115	12.485
0.868793326837	12.486
0.869043689382	12.487
0.869294070754	12.488
0.869544470952	12.489
0.86979488998	12.49
0.870045327838	12.491
0.870295784529	12.492
0.870546260055	12.493
0.870796754416	12.494
0.871047267615	12.495
0.871297799654	12.496
0.871548350534	12.497
0.871798920257	12.498
0.872049508825	12.499
0.872300116239	12.5
0.872550742501	12.501
0.872801387613	12.502
0.873052051577	12.503
0.873302734394	12.504
0.873553436066	12.505
0.873804156595	12.506
0.874054895982	12.507
0.87430565423	12.508
0.874556431339	12.509
0.874807227312	12.51
0.875058042151	12.511
0.875308875857	12.512
0.875559728431	12.513
0.875810599876	12.514
0.876061490194	12.515
0.876312399385	12.516
0.876563327452	12.517
0.876814274397	12.518
0.877065240221	12.519
0.877316224926	12.52
0.877567228513	12.521
0.877818250985	12.522
0.878069292343	12.523
0.878320352588	12.524
0.878571431723	12.525
0.87882252975	12.526
0.879073646669	12.527
0.879324782483	12.528
0.879575937194	12.529
0.879827110802	12.53
0.880078303311	12.531
0.880329514721	12.532
0.880580745034	12.533
0.880831994252	12.534
0.881083262377	12.535
0.881334549411	12.536
0.881585855355	12.537
0.88183718021	12.538
0.882088523979	12.539
0.882339886664	12.54
0.882591268265	12.541
0.882842668786	12.542
0.883094088226	12.543
0.883345526589	12.544
0.883596983876	12.545
0.883848460089	12.546
0.884099955229	12.547
0.884351469298	12.548
0.884603002298	12.549
0.88485455423	12.55
0.885106125096	12.551
0.885357714899	12.552
0.885609323639	12.553
0.885860951318	12.554
0.886112597939	12.555
0.886364263502	12.556
0.88661594801	12.557
0.886867651464	12.558
0.887119373866	12.559
0.887371115218	12.56
0.887622875521	12.561
0.887874654777	12.562
0.888126452988	12.563
0.888378270156	12.564
0.888630106281	12.565
0.888881961367	12.566
0.889133835414	12.567
0.889385728425	12.568
0.889637640401	12.569
0.889889571343	12.57
0.890141521254	12.571
0.890393490136	12.572
0.890645477989	12.573
0.890897484816	12.574
0.891149510618	12.575
0.891401555398	12.576
0.891653619156	12.577
0.891905701894	12.578
0.892157803615	12.579
0.89240992432	12.58
0.89266206401	12.581
0.892914222688	12.582
0.893166400355	12.583
0.893418597012	12.584
0.893670812662	12.585
0.893923047306	12.586
0.894175300946	12.587
0.894427573584	12.588
0.894679865221	12.589
0.894932175859	12.59
0.8951845055	12.591
0.895436854145	12.592
0.895689221796	12.593
0.895941608455	12.594
0.896194014124	12.595
0.896446438803	12.596
0.896698882496	12.597
0.896951345204	12.598
0.897203826928	12.599
0.89745632767	12.6
0.897708847431	12.601
0.897961386215	12.602
0.898213944021	12.603
0.898466520853	12.604
0.898719116711	12.605
0.898971731597	12.606
0.899224365513	12.607
0.899477018461	12.608
0.899729690443	12.609
0.89998238146	12.61
0.900235091513	12.611
0.900487820605	12.612
0.900740568738	12.613
0.900993335912	12.614
0.90124612213	12.615
0.901498927393	12.616
0.901751751704	12.617
0.902004595063	12.618
0.902257457473	12.619
0.902510338934	12.62
0.90276323945	12.621
0.903016159021	12.622
0.90326909765	12.623
0.903522055338	12.624
0.903775032086	12.625
0.904028027897	12.626
0.904281042771	12.627
0.904534076712	12.628
0.90478712972	12.629
0.905040201797	12.63
0.905293292945	12.631
0.905546403166	12.632
0.905799532461	12.633
0.906052680832	12.634
0.906305848281	12.635
0.906559034809	12.636
0.906812240418	12.637
0.90706546511	12.638
0.907318708887	12.639
0.907571971749	12.64
0.9078252537	12.641
0.90807855474	12.642
0.908331874872	12.643
0.908585214096	12.644
0.908838572415	12.645
0.909091949831	12.646
0.909345346344	12.647
0.909598761957	12.648
0.909852196672	12.649
0.91010565049	12.65
0.910359123413	12.651
0.910612615442	12.652
0.91086612658	12.653
0.911119656828	12.654
0.911373206187	12.655
0.91162677466	12.656
0.911880362247	12.657
0.912133968952	12.658
0.912387594774	12.659
0.912641239717	12.66
0.912894903782	12.661
0.91314858697	12.662
0.913402289284	12.663
0.913656010724	12.664
0.913909751293	12.665
0.914163510992	12.666
0.914417289823	12.667
0.914671087788	12.668
0.914924904888	12.669
0.915178741126	12.67
0.915432596502	12.671
0.915686471018	12.672
0.915940364677	12.673
0.916194277479	12.674
0.916448209427	12.675
0.916702160522	12.676
0.916956130766	12.677
0.917210120161	12.678
0.917464128708	12.679
0.917718156409	12.68
0.917972203265	12.681
0.918226269279	12.682
0.918480354452	12.683
0.918734458786	12.684
0.918988582282	12.685
0.919242724942	12.686
0.919496886768	12.687
0.919751067762	12.688
0.920005267925	12.689
0.920259487258	12.69
0.920513725764	12.691
0.920767983445	12.692
0.921022260301	12.693
0.921276556335	12.694
0.921530871548	12.695
0.921785205942	12.696
0.922039559519	12.697
0.92229393228	12.698
0.922548324228	12.699
0.922802735363	12.7
0.923057165687	12.701
0.923311615203	12.702
0.923566083911	12.703
0.923820571814	12.704
0.924075078913	12.705
0.92432960521	12.706
0.924584150707	12.707
0.924838715404	12.708
0.925093299305	12.709
0.92534790241	12.71
0.925602524722	12.711
0.925857166241	12.712
0.92611182697	12.713
0.926366506911	12.714
0.926621206064	12.715
0.926875924432	12.716
0.927130662017	12.717
0.92738541882	12.718
0.927640194842	12.719
0.927894990086	12.72
0.928149804553	12.721
0.928404638244	12.722
0.928659491163	12.723
0.928914363309	12.724
0.929169254685	12.725
0.929424165293	12.726
0.929679095134	12.727
0.92993404421	12.728
0.930189012522	12.729
0.930444000073	12.73
0.930699006863	12.731
0.930954032895	12.732
0.931209078171	12.733
0.931464142691	12.734
0.931719226458	12.735
0.931974329474	12.736
0.932229451739	12.737
0.932484593256	12.738
0.932739754027	12.739
0.932994934052	12.74
0.933250133335	12.741
0.933505351875	12.742
0.933760589676	12.743
0.934015846739	12.744
0.934271123064	12.745
0.934526418655	12.746
0.934781733513	12.747
0.93503706764	12.748
0.935292421036	12.749
0.935547793704	12.75
0.935803185646	12.751
0.936058596863	12.752
0.936314027357	12.753
0.936569477129	12.754
0.936824946181	12.755
0.937080434516	12.756
0.937335942134	12.757
0.937591469037	12.758
0.937847015227	12.759
0.938102580706	12.76
0.938358165474	12.761
0.938613769535	12.762
0.93886939289	12.763
0.939125035539	12.764
0.939380697486	12.765
0.939636378731	12.766
0.939892079277	12.767
0.940147799124	12.768
0.940403538275	12.769
0.940659296732	12.77
0.940915074495	12.771
0.941170871567	12.772
0.94142668795	12.773
0.941682523644	12.774
0.941938378652	12.775
0.942194252976	12.776
0.942450146616	12.777
0.942706059575	12.778
0.942961991855	12.779
0.943217943456	12.78
0.943473914381	12.781
0.943729904632	12.782
0.943985914209	12.783
0.944241943116	12.784
0.944497991352	12.785
0.944754058921	12.786
0.945010145824	12.787
0.945266252062	12.788
0.945522377636	12.789
0.94577852255	12.79
0.946034686804	12.791
0.9462908704	12.792
0.94654707334	12.793
0.946803295625	12.794
0.947059537257	12.795
0.947315798238	12.796
0.94757207857	12.797
0.947828378253	12.798
0.948084697291	12.799
0.948341035683	12.8
0.948597393433	12.801
0.948853770541	12.802
0.94911016701	12.803
0.949366582841	12.804
0.949623018035	12.805
0.949879472595	12.806
0.950135946523	12.807
0.950392439818	12.808
0.950648952484	12.809
0.950905484523	12.81
0.951162035935	12.811
0.951418606722	12.812
0.951675196886	12.813
0.951931806429	12.814
0.952188435353	12.815
0.952445083658	12.816
0.952701751348	12.817
0.952958438422	12.818
0.953215144884	12.819
0.953471870734	12.82
0.953728615975	12.821
0.953985380608	12.822
0.954242164634	12.823
0.954498968056	12.824
0.954755790874	12.825
0.955012633092	12.826
0.95526949471	12.827
0.955526375729	12.828
0.955783276153	12.829
0.956040195981	12.83
0.956297135217	12.831
0.956554093861	12.832
0.956811071916	12.833
0.957068069382	12.834
0.957325086262	12.835
0.957582122558	12.836
0.95783917827	12.837
0.958096253401	12.838
0.958353347952	12.839
0.958610461925	12.84
0.958867595322	12.841
0.959124748144	12.842
0.959381920392	12.843
0.95963911207	12.844
0.959896323177	12.845
0.960153553717	12.846
0.960410803689	12.847
0.960668073097	12.848
0.960925361942	12.849
0.961182670226	12.85
0.961439997949	12.851
0.961697345114	12.852
0.961954711723	12.853
0.962212097777	12.854
0.962469503278	12.855
0.962726928227	12.856
0.962984372626	12.857
0.963241836477	12.858
0.963499319781	12.859
0.96375682254	12.86
0.964014344756	12.861
0.964271886431	12.862
0.964529447565	12.863
0.964787028161	12.864
0.96504462822	12.865
0.965302247745	12.866
0.965559886736	12.867
0.965817545195	12.868
0.966075223124	12.869
0.966332920525	12.87
0.966590637399	12.871
0.966848373747	12.872
0.967106129573	12.873
0.967363904876	12.874
0.96762169966	12.875
0.967879513925	12.876
0.968137347673	12.877
0.968395200906	12.878
0.968653073625	12.879
0.968910965832	12.88
0.969168877529	12.881
0.969426808718	12.882
0.9696847594	12.883
0.969942729576	12.884
0.970200719249	12.885
0.970458728419	12.886
0.97071675709	12.887
0.970974805261	12.888
0.971232872936	12.889
0.971490960115	12.89
0.9717490668	12.891
0.972007192994	12.892
0.972265338697	12.893
0.972523503911	12.894
0.972781688637	12.895
0.973039892879	12.896
0.973298116636	12.897
0.973556359912	12.898
0.973814622706	12.899
0.974072905022	12.9
0.974331206861	12.901
0.974589528224	12.902
0.974847869113	12.903
0.975106229529	12.904
0.975364609475	12.905
0.975623008952	12.906
0.975881427962	12.907
0.976139866505	12.908
0.976398324585	12.909
0.976656802202	12.91
0.976915299359	12.911
0.977173816056	12.912
0.977432352296	12.913
0.977690908079	12.914
0.977949483409	12.915
0.978208078286	12.916
0.978466692712	12.917
0.978725326689	12.918
0.978983980218	12.919
0.979242653301	12.92
0.979501345939	12.921
0.979760058135	12.922
0.98001878989	12.923
0.980277541205	12.924
0.980536312083	12.925
0.980795102524	12.926
0.981053912531	12.927
0.981312742105	12.928
0.981571591248	12.929
0.981830459961	12.93
0.982089348246	12.931
0.982348256105	12.932
0.982607183539	12.933
0.98286613055	12.934
0.98312509714	12.935
0.98338408331	12.936
0.983643089062	12.937
0.983902114398	12.938
0.984161159318	12.939
0.984420223826	12.94
0.984679307921	12.941
0.984938411607	12.942
0.985197534885	12.943
0.985456677756	12.944
0.985715840222	12.945
0.985975022285	12.946
0.986234223945	12.947
0.986493445206	12.948
0.986752686069	12.949
0.987011946534	12.95
0.987271226604	12.951
0.987530526281	12.952
0.987789845566	12.953
0.988049184461	12.954
0.988308542967	12.955
0.988567921086	12.956
0.98882731882	12.957
0.989086736169	12.958
0.989346173137	12.959
0.989605629725	12.96
0.989865105933	12.961
0.990124601765	12.962
0.990384117221	12.963
0.990643652302	12.964
0.990903207012	12.965
0.991162781351	12.966
0.991422375321	12.967
0.991681988924	12.968
0.991941622161	12.969
0.992201275033	12.97
0.992460947544	12.971
0.992720639693	12.972
0.992980351483	12.973
0.993240082916	12.974
0.993499833993	12.975
0.993759604715	12.976
0.994019395085	12.977
0.994279205104	12.978
0.994539034773	12.979
0.994798884094	12.98
0.99505875307	12.981
0.9953186417	12.982
0.995578549988	12.983
0.995838477935	12.984
0.996098425542	12.985
0.996358392811	12.986
0.996618379744	12.987
0.996878386341	12.988
0.997138412606	12.989
0.99739845854	12.99
0.997658524143	12.991
0.997918609418	12.992
0.998178714367	12.993
0.99843883899	12.994
0.998698983291	12.995
0.998959147269	12.996
0.999219330928	12.997
0.999479534268	12.998
0.999739757291	12.999
